sample	Helicobacter	Comamonas	Caenimonas	Dorea	Sutterella	Anaerovibrio	Odoribacter	Succinivibrio	Sphingomonas	Aeromonas	Lactobacillus	Blautia	Enhydrobacter	Oscillibacter	Exiguobacterium	Desulfovibrio	Parabacteroides	Fusobacterium	Dialister	Parasutterella	Rubrobacter	Actinomyces	Streptococcus	Eubacterium	Diaphorobacter	Coprococcus	Acidovorax	Bacteroides	Butyricicoccus	Staphylococcus	Rheinheimera	Asaccharobacter	Hydrogenophaga	Serratia	Zoogloea	Vibrio	Acinetobacter	Curtobacterium	Clavibacter	Novosphingobium	Veillonella	Subdoligranulum	Paraprevotella	Lactococcus	Phascolarctobacterium	Clostridium	Megamonas	Coprobacillus	Chryseobacterium	Barnesiella	GpI	Aquabacterium	Escherichia/Shigella	Haemophilus	Pseudomonas	Burkholderia	Collinsella	Microbacterium	Turicibacter	Rikenella	Pantoea	Alistipes	Delftia	Azonexus	Streptophyta	Roseburia	Stenotrophomonas	Weeksella	Arthrobacter	Bacillus	Asticcacaulis	Prevotella	Faecalibacterium	Pseudoalteromonas	Slackia	Acidaminococcus	Gp1	Sphingobium	Succinispira	Klebsiella	Brachyspira	Ralstonia	Uruburuella	Ruminococcus	Eggerthella	Citrobacter	Rhizobium	Afipia	Enterococcus	Marinomonas	Anaerostipes	Propionibacterium
Tope_D5-686-525_2_1_380.fas	0	0	0	244	0	0	0	0	301	15	5	173	0	57	0	0	101	0	0	0	0	3	138	0	2	34	3	480	37	0	1	0	0	0	0	8	0	0	0	0	0	32	0	7	29	0	0	501	0	1	0	0	3	99	19	2	86	0	0	0	2	15	0	1	1	412	0	3	2	1	0	0	466	27	0	0	0	0	0	1	0	0	3	18	0	0	0	0	2	33	0	16
Tope_D5-655-442_2_1_1500.fas	0	0	0	85	38	0	4	0	6	0	0	297	0	36	0	0	45	0	0	2	0	0	6	2	0	347	0	1089	0	0	0	0	0	0	0	0	0	0	0	0	0	0	15	0	29	0	0	5	0	0	0	0	3	0	0	0	56	0	0	0	0	23	0	0	0	486	0	0	1	0	0	0	128	1	0	18	0	0	0	0	0	0	4	22	1	0	0	0	0	1	0	0
Tope_D5-607-356_2_1_1355.fas	2	0	0	132	6	0	1	0	29	0	0	77	0	4	0	0	31	0	17	0	0	3	35	20	1	168	4	1724	5	2	0	1	0	0	0	0	0	0	0	0	4	36	0	2	16	7	282	196	0	0	0	1	91	0	0	0	105	0	0	0	0	0	1	0	2	1422	0	67	0	0	0	278	585	5	0	5	0	0	0	0	0	0	0	2	2	0	0	0	0	2	0	0
Tope_D5-635-911_1_1_332.fas	3	5	0	105	21	22	0	185	341	10	40	367	1	314	5	0	74	737	1	2	268	11	168	9	20	392	221	208	2	5	11	0	64	0	11	6	23	10	60	2	68	14	166	14	27	32	0	85	20	3	0	61	61	33	279	50	29	66	48	3	104	15	143	47	580	1416	110	718	9	143	3	327	134	11	0	0	13	5	3	35	0	0	9	33	28	0	94	8	0	8	0	36
Tope_D5-623-944_2_1_965.fas	0	0	0	220	51	0	11	0	16	1	0	292	0	3	0	0	0	47	3	0	0	1	1079	1	0	0	3	761	0	0	1	0	0	0	0	2	0	0	0	0	10	10	0	1	0	0	0	26	0	0	0	0	3	2	1	3	54	0	0	0	0	11	0	0	1	81	0	191	0	0	0	0	82	3	0	0	0	0	0	4	0	0	0	0	6	1	0	0	0	3	0	0
Tope_D5-649-142_2_1_943.fas	0	0	0	120	0	0	0	0	370	16	1	308	0	48	0	0	69	0	0	32	0	0	31	478	0	187	0	231	8	0	6	2	0	2	0	35	2	8	11	0	0	93	3	4	18	17	0	206	0	0	0	0	12	0	7	0	52	0	3	0	1	4	4	0	20	173	2	50	0	4	7	1	293	16	0	4	0	0	0	8	0	8	1	56	0	0	0	7	0	22	0	8
Tope_D5-621-913_2_1_899.fas	0	0	0	6	1	1	0	1	72	3	0	51	0	0	0	0	256	0	0	7	0	0	23	39	0	7	0	1123	0	0	5	0	0	0	0	14	0	0	0	0	0	0	0	1	1	0	0	106	0	0	0	0	20	38	4	14	0	0	0	0	0	2	0	0	3	198	1	1	1	0	0	1	90	28	0	0	2	0	0	86	0	1	6	0	0	0	0	2	0	22	0	0
Tope_D5-602-805_2_1_53.fas	1	0	0	98	43	0	1	0	85	4	15	42	0	53	5	0	33	0	0	0	0	1	21	4	0	17	4	602	1	3	6	0	0	0	0	7	0	10	56	0	15	2	0	11	1	2	21	10	2	0	0	0	30	14	87	6	20	5	0	0	1	16	55	0	144	146	51	53	21	6	0	38	143	17	0	0	0	0	0	2	0	0	2	28	3	0	19	0	0	19	0	5
Tope_D5-602-100_2_1_180.fas	0	0	0	142	117	0	10	0	43	8	2	280	0	37	0	0	38	0	0	0	0	6	47	0	0	85	0	126	4	0	1	6	0	0	0	2	0	0	0	0	21	22	0	0	0	1	2	116	0	6	0	0	31	1	0	2	92	0	0	0	1	10	0	0	3	506	0	0	0	0	0	144	180	11	0	8	0	0	0	1	0	0	1	191	0	2	0	1	0	14	0	1
Tope_D5-624-431_2_1_387.fas	0	0	0	206	0	0	0	0	280	27	0	2	0	4	0	0	89	0	0	6	3	1	77	1	0	41	0	1664	0	0	21	0	0	0	0	33	2	0	0	0	0	2	0	13	25	0	1	317	0	0	0	1	18	28	12	26	0	0	0	0	0	18	2	2	1	54	0	6	0	5	0	0	0	81	0	0	0	0	0	24	0	12	5	8	53	3	3	12	0	36	793	16
Tope_D5-604-342_2_1_280.fas	0	0	0	91	109	2	12	3	29	1	1	559	1	127	21	13	92	0	0	2	0	0	25	3	0	132	5	1479	0	3	1	6	0	4	0	3	0	0	1	0	0	92	15	0	70	8	2	159	0	21	0	0	9	0	26	0	0	0	1	2	113	97	1	1	52	395	3	0	5	15	0	34	511	1	0	0	0	3	0	61	0	0	0	115	7	10	0	4	0	2	0	15
Tope_D5-610-641_1_1_773.fas	4	0	2	25	0	0	0	0	238	4	252	111	3	35	13	0	14	0	6	0	4	0	171	0	15	17	54	418	2	1	4	0	2	0	5	3	15	4	9	3	7	58	0	106	13	6	0	8	7	9	4	19	9	7	139	11	31	25	11	0	98	0	47	5	679	216	39	1	3	154	5	7	184	6	0	0	0	0	0	30	0	0	2	172	0	4	31	33	0	2	0	12
Tope_D5-641-794_2_1_515.fas	0	0	0	149	37	0	0	0	51	2	0	58	0	39	0	0	34	0	15	0	0	0	9	1	0	45	0	416	3	0	0	2	0	0	0	6	0	0	0	0	0	157	1	0	0	0	0	8	0	9	0	0	2	0	2	0	17	0	1	0	0	1	0	1	1	458	0	347	1	1	0	28	102	4	0	11	0	0	0	7	0	0	1	75	2	0	0	0	0	4	0	2
Tope_D5-647-885_2_1_901.fas	0	0	0	93	0	0	11	6	700	6	5	134	0	23	4	0	30	0	0	3	0	0	14	39	0	71	0	906	0	0	8	0	0	2	0	8	0	0	0	0	0	55	0	16	0	4	0	0	0	0	0	4	29	15	54	4	48	2	1	2	4	0	16	0	44	867	2	9	0	0	0	1	513	20	0	10	0	0	0	15	0	0	0	87	0	5	0	1	0	11	0	10
Tope_D5-604-698_1_1_684.fas	1	3	0	316	23	7	9	134	109	1	10	275	1	72	0	0	38	2	0	42	32	0	2	18	18	204	44	1541	6	7	0	0	0	0	1	0	33	0	3	0	0	221	44	9	53	13	0	57	1	31	5	29	9	0	7	22	33	2	25	0	7	62	5	4	48	301	7	44	2	41	1	176	374	0	0	0	3	1	0	1	0	0	0	34	0	1	2	3	0	2	0	3
Tope_D5-621-847_2_1_773.fas	0	0	0	128	77	0	1	0	88	2	0	84	0	2	0	0	3	0	1	0	0	0	36	0	4	71	11	893	1	0	8	3	0	1	0	8	1	0	0	0	24	18	2	2	24	0	0	196	0	1	0	2	30	6	3	27	29	0	0	0	3	8	1	10	11	504	6	3	4	3	0	6	142	19	0	0	0	2	0	4	0	3	6	168	1	0	0	6	0	12	0	4
Tope_D5-633-816_1_1_280.fas	0	0	0	853	749	0	15	1	34	7	7	784	0	76	0	0	144	3	0	19	3	1	21	1356	0	509	13	3414	13	4	1	5	0	0	0	5	2	0	0	0	10	207	1	1	1	0	189	966	0	3	0	0	3	6	5	3	123	0	0	0	2	68	1	1	7	1344	1	6	0	1	1	0	1419	18	11	5	0	0	83	1	0	0	0	5	0	0	3	0	0	7	0	0
Tope_D5-636-124_2_1_547.fas	0	0	0	294	0	0	43	0	21	0	1	1409	0	123	0	0	706	0	0	0	0	0	37	8	0	389	2	2213	24	2	0	3	0	0	0	1	0	0	0	0	1	587	0	3	127	0	0	360	0	0	0	0	2	0	18	0	100	0	0	0	0	140	3	0	2	158	0	243	0	0	0	0	1168	1	0	0	0	0	0	0	0	0	1	324	28	0	0	0	0	2	0	0
Tope_D5-611-413_2_1_19.fas	0	0	0	73	23	0	0	0	539	0	0	142	11	17	0	0	130	11	0	0	0	0	11	29	6	118	47	205	0	9	0	0	0	0	0	0	41	0	5	0	0	4	0	7	14	3	143	34	0	0	0	5	55	2	17	22	15	0	1	0	7	3	14	7	53	96	5	870	8	126	0	188	187	0	0	0	0	0	0	13	0	0	0	0	2	2	1	3	0	0	0	370
Tope_D5-621-702_1_1_998.fas	3	7	0	88	26	17	1	37	319	108	41	81	10	107	0	12	40	8	7	0	33	0	121	23	31	146	145	1018	3	8	34	0	2	10	6	90	44	3	4	3	0	4	25	26	5	37	0	105	3	0	3	35	45	9	48	20	30	13	37	4	23	6	19	3	103	356	26	25	0	108	0	158	236	158	0	0	0	3	0	28	0	4	41	10	4	4	9	3	0	122	0	49
Tope_D5-650-400_2_1_1115.fas	20	0	0	114	0	0	0	0	773	4	0	298	0	26	0	0	675	0	0	0	1	0	6	40	0	9	0	401	34	0	1	10	0	0	0	0	0	0	6	0	2	5	1	19	48	0	0	136	0	0	0	0	62	16	13	0	0	0	7	0	25	87	14	5	62	703	4	0	0	14	6	7	127	14	0	0	0	0	0	5	0	15	0	21	15	0	0	4	0	3	1	2
Tope_D5-640-950_1_1_430.fas	0	2	0	151	22	0	0	33	628	3	103	225	2	104	4	0	42	10	0	1	178	0	22	23	28	80	148	689	7	2	0	1	43	0	2	0	15	5	36	0	8	16	16	103	7	5	12	199	3	0	0	38	16	2	186	42	156	47	39	0	57	23	75	44	386	328	69	29	5	120	3	46	507	0	11	0	3	0	23	12	0	0	0	12	24	3	44	9	0	0	0	2
Tope_D5-631-924_1_1_213.fas	1	5	0	1059	3	0	0	4	19	7	27	628	3	30	0	2	39	1	80	40	8	0	12	16	17	1604	85	5411	1	0	0	1	0	0	4	3	60	0	0	4	1	350	6	4	2	1	0	24	0	0	1	21	390	15	12	2	408	1	3	0	1	2	1	1	15	1031	2	5	0	1	0	3	427	6	1	0	0	0	0	0	0	0	2	488	25	0	1	2	0	2	2	4
Tope_D5-634-096A_2_1_1207.fas	0	2	0	215	172	0	0	0	476	12	1	183	0	28	0	0	103	1	0	12	0	0	61	53	5	35	31	210	0	8	7	0	0	2	0	1	2	0	2	0	0	86	12	2	78	8	12	53	0	0	0	50	7	0	13	1	0	1	1	0	18	0	12	30	14	349	17	866	5	4	2	13	682	19	0	0	0	0	0	6	0	0	5	0	5	7	2	3	0	15	0	29
Tope_D5-601-618_2_1_1227.fas	26	0	0	111	55	0	0	0	678	0	47	4	1	3	10	9	20	0	2	0	0	1	4	40	98	64	293	292	7	0	0	0	0	2	9	6	42	0	5	5	8	4	1	71	0	4	0	4	7	0	0	14	14	0	90	20	9	21	18	0	69	1	47	127	288	156	31	0	8	40	1	4	154	0	1	0	1	0	3	25	0	3	0	1	1	3	6	236	0	7	0	10
Tope_D5-601-120_2_1_63.fas	0	0	0	141	0	0	0	0	75	4	0	300	0	12	0	0	20	0	3	0	0	0	8	0	0	179	1	1295	3	4	7	2	0	0	0	8	0	0	2	3	1	10	2	6	1	0	2	83	0	4	0	0	43	6	7	0	35	1	1	0	3	0	1	0	1	141	0	0	1	0	0	5	88	17	0	0	0	0	0	1	0	0	0	0	3	0	0	1	0	17	0	13
Tope_D5-603-574_2_1_213.fas	0	0	0	522	0	0	2	0	32	4	0	60	0	0	0	0	30	0	0	0	0	1	137	0	0	128	5	30	1	3	0	1	0	0	0	1	0	0	0	0	173	90	0	0	10	0	1	900	0	0	0	1	16	28	0	0	54	0	0	0	0	2	1	1	1	638	1	0	0	3	0	1	349	2	0	0	0	0	0	9	0	1	1	26	1	0	0	1	433	0	0	0
Tope_D5-604-556_2_1_1261.fas	0	0	0	290	212	0	4	0	38	0	6	256	0	13	4	0	32	0	0	13	0	1	3	15	0	298	7	4789	2	0	0	0	0	0	0	0	0	3	17	0	0	65	3	10	0	0	0	147	2	0	0	0	22	0	83	3	113	3	1	0	7	5	44	1	157	914	61	1	7	28	1	0	2201	0	0	0	0	1	44	7	0	0	0	156	1	0	8	1	0	0	0	0
Tope_D5-646-480_1_1_450.fas	4	0	0	447	73	1	16	37	128	16	18	389	0	70	1	0	112	3	0	6	62	1	45	132	18	391	62	1812	39	1	4	0	3	0	0	16	12	4	5	1	5	43	63	8	38	10	0	135	2	16	0	28	249	101	67	15	202	19	9	2	13	50	17	16	135	520	11	22	1	19	2	39	660	20	15	22	0	0	27	12	0	7	9	35	50	2	16	1	0	23	0	9
Tope_D5-604-416_2_1_577.fas	0	0	0	254	199	0	74	0	38	0	0	367	0	166	0	0	419	0	0	3	0	1	8	316	0	144	0	861	79	0	0	3	0	0	0	1	0	0	0	0	1	247	26	1	81	2	1	61	0	44	0	0	530	4	35	0	78	0	4	0	0	205	0	0	2	483	0	408	0	1	0	0	210	0	3	178	0	0	0	2	0	0	0	193	2	0	0	0	0	0	0	3
Tope_D5-608-055_2_1_1389.fas	0	0	0	5	63	0	7	0	766	21	4	8	4	0	0	0	101	0	0	0	0	0	37	0	0	36	11	852	3	9	18	2	0	3	0	18	0	0	7	0	0	0	7	28	34	0	27	59	0	0	0	0	10	0	31	4	3	2	5	0	8	70	7	12	88	79	6	30	7	3	6	48	43	65	0	0	0	0	0	24	0	9	17	0	0	1	1	9	0	21	0	13
Tope_D5-647-950_1_1_576.fas	5	1	0	93	1	0	2	1	99	29	42	381	0	9	0	0	57	4	2	128	1	0	57	3	6	101	15	1595	14	0	21	20	0	2	2	36	6	0	4	0	0	72	2	27	42	0	0	79	4	11	0	16	28	0	22	6	86	7	0	0	9	55	1	0	82	138	8	3	1	41	0	4	215	74	1	0	0	0	0	25	0	0	18	26	33	2	4	4	0	50	0	4
Tope_D5-604-978_2_1_332.fas	0	0	0	131	16	0	4	0	57	7	0	94	1	101	0	19	26	1	0	2	0	0	19	181	0	212	0	721	1	0	2	0	0	1	0	0	1	0	2	0	0	71	0	0	26	0	1	6	0	3	0	0	2	0	0	0	26	1	1	0	0	0	1	0	3	352	1	0	4	2	0	34	228	7	0	0	0	0	0	4	0	0	1	253	5	0	0	0	0	12	0	3
Tope_D5-638-082_1_1_380.fas	8	10	0	419	37	0	10	5	168	3	25	1481	2	42	0	44	56	9	0	0	10	0	9	151	45	124	228	346	14	1	3	0	15	0	13	1	57	1	20	2	0	58	13	34	0	0	56	129	3	4	2	51	14	0	71	1	49	7	15	0	12	30	38	19	104	198	22	10	4	80	0	320	357	2	2	5	2	2	16	2	0	0	0	16	15	1	17	3	1	5	0	21
Tope_D5-605-326_2_1_82.fas	0	0	0	93	0	0	0	0	7	0	0	48	0	1	0	0	272	0	0	32	0	1	8	36	0	671	0	1126	1	0	0	0	0	0	0	0	0	0	0	0	0	84	0	1	5	16	5	389	0	1	0	0	35	0	0	0	96	0	0	0	0	0	0	0	0	532	0	213	0	0	0	8	286	0	0	64	0	0	16	12	0	0	1	0	21	0	0	0	0	1	0	2
Tope_D5-605-604_2_1_635.fas	0	0	0	273	397	0	0	0	14	0	0	118	0	18	0	0	44	0	0	1	0	0	7	1948	1	230	0	2467	1	0	0	4	0	0	0	1	0	0	0	0	6	69	0	1	91	1	5	90	0	3	0	1	221	0	1	0	17	0	1	0	0	6	0	0	0	1051	0	89	3	1	0	14	806	0	8	0	0	0	0	0	0	0	1	4	0	0	0	1	0	0	0	1
Tope_D5-654-324_1_1_635.fas	4	0	0	58	60	0	22	8	114	1	555	472	3	97	1	16	42	0	0	0	0	0	21	3	14	97	33	919	0	1	0	2	0	0	1	6	9	0	0	0	2	60	4	12	62	10	0	102	1	3	0	47	10	0	21	3	1	3	1	0	4	72	15	0	44	313	6	0	3	12	0	8	332	2	0	0	0	0	0	6	0	3	0	450	4	0	1	2	0	0	0	6
Tope_D5-646-904_1_1_515.fas	6	8	0	52	4	14	0	111	118	0	59	63	0	112	5	1	16	2	0	2	21	0	1	11	26	81	169	160	0	16	1	0	0	0	10	0	88	0	14	4	2	15	112	36	5	28	1	24	5	1	2	58	26	1	76	19	13	16	35	1	46	6	21	3	300	146	21	16	0	35	1	266	96	0	0	0	0	0	0	21	2	0	0	20	2	2	14	12	0	0	0	34
Tope_D5-649-840_2_1_1031.fas	0	0	0	243	0	0	2	0	32	1	0	179	0	25	0	0	23	0	0	0	0	0	10	0	0	118	0	223	14	0	1	3	0	0	0	2	0	0	0	0	0	19	0	0	17	1	0	275	0	7	0	0	2	1	0	1	18	0	0	0	0	14	0	0	0	502	0	591	0	0	0	0	405	6	3	2	0	0	0	6	0	0	0	102	2	0	0	0	0	4	0	0
Tope_D5-623-734_2_1_1170.fas	0	0	0	145	0	0	4	0	28	0	0	465	0	39	0	0	314	0	0	0	1	0	401	0	0	164	5	1979	12	0	0	0	0	2	0	3	0	0	0	0	9	0	0	1	22	161	2	934	0	42	0	0	228	7	4	17	28	1	0	0	2	78	1	1	1	181	0	0	0	0	0	2	206	8	0	0	0	0	0	16	0	0	2	0	13	1	0	2	0	3	0	3
Tope_D5-630-521_1_1_577.fas	5	4	0	28	26	22	0	79	180	2	76	284	0	47	1	3	45	2	0	2	32	0	6	6	22	148	111	562	6	0	1	1	0	0	9	3	42	0	9	3	0	11	29	134	7	22	2	198	6	0	0	58	35	0	39	21	14	11	33	0	14	14	29	2	119	240	15	144	0	53	0	154	110	11	0	2	0	2	0	12	0	5	1	23	8	0	14	0	0	6	0	9
Tope_D5-631-222_1_1_772.fas	3	0	0	200	17	1	5	60	218	9	154	235	0	85	8	0	49	8	0	26	8	2	42	152	11	211	22	746	12	0	3	6	0	0	4	3	12	2	5	0	4	16	41	18	22	11	0	28	1	3	0	14	5	10	60	10	31	7	15	0	80	79	13	9	359	238	11	289	1	35	1	115	2150	4	2	0	0	0	0	18	0	0	0	123	8	0	4	178	0	1	0	4
Tope_D5-686-456_1_1_63.fas	5	22	0	289	23	0	12	16	316	18	90	860	0	49	0	2	86	5	16	35	28	0	68	45	60	286	169	1084	18	0	8	0	0	1	15	8	146	2	4	3	0	34	43	22	26	0	5	156	0	5	1	94	23	5	68	22	236	3	28	0	7	72	12	4	100	665	13	71	3	61	1	22	460	72	3	0	0	3	19	24	0	0	4	61	6	5	8	1	0	42	0	43
Tope_D5-604-622_1_1_972.fas	3	8	246	222	47	8	0	261	433	10	70	573	3	138	1	2	91	3	0	16	283	3	76	85	13	196	111	1288	13	9	9	2	0	0	3	16	40	2	36	9	3	123	112	6	36	8	37	652	2	3	1001	23	49	6	49	5	161	4	20	0	10	28	42	48	159	533	32	147	0	32	3	453	717	16	8	2	0	2	1	8	0	1	5	50	27	0	30	1	0	17	0	22
Tope_D5-641-588_1_1_899.fas	6	0	0	120	49	1	0	1	241	17	31	728	1	15	1	4	114	0	0	0	2	0	25	10	6	125	22	954	15	1	9	0	0	2	3	11	13	4	7	0	0	124	7	53	45	0	0	623	0	4	4	16	7	0	22	5	48	5	6	0	14	17	7	0	75	171	7	7	6	30	0	15	153	21	0	0	0	0	0	8	0	2	1	3	16	0	6	1	0	17	0	1
Tope_D5-647-398_1_1_965.fas	11	11	0	324	104	0	5	8	680	118	74	862	0	56	1	0	35	5	3	3	23	7	151	7	11	172	60	746	19	5	35	0	0	5	13	59	10	1	15	0	10	44	13	83	6	0	0	155	4	6	1	18	72	13	98	16	81	10	16	0	55	33	77	9	210	540	24	328	9	104	0	129	245	151	3	0	0	0	9	37	0	0	44	126	2	9	31	15	0	205	0	13
Tope_D5-650-897_2_1_1.fas	5	1	0	192	0	0	2	0	41	0	10	167	1	121	4	0	16	0	0	118	0	1	14	234	11	198	30	931	3	2	0	1	0	2	0	0	70	0	0	1	1	47	0	11	0	0	0	56	2	20	0	0	138	3	20	1	27	3	1	0	16	43	3	7	41	624	5	2	1	537	0	3	685	0	0	0	0	0	0	8	0	0	0	68	2	1	1	13	0	0	0	9
Tope_D5-606-935_2_1_1302.fas	0	0	0	54	5	0	3	0	88	9	0	80	0	17	1	0	5	0	0	14	0	0	16	1	1	16	1	1036	0	1	3	0	0	0	0	8	0	0	0	0	3	2	0	1	29	1	0	10	0	0	0	0	222	0	2	0	8	0	2	0	1	3	1	3	1	134	0	543	0	1	1	0	165	14	0	0	0	0	0	6	0	0	3	10	9	1	1	0	0	25	0	1
Tope_D5-646-550_2_1_972.fas	3	0	0	72	0	0	0	0	185	3	1	311	0	45	0	0	0	0	1	26	0	4	42	20	2	54	5	1190	0	0	0	5	0	0	0	1	0	0	2	0	1	0	0	6	0	0	0	5	0	0	0	0	1	2	3	0	26	1	1	0	0	0	0	0	16	565	1	0	0	0	0	3	0	0	0	0	0	0	0	0	0	2	0	0	11	0	0	0	0	0	0	21
Tope_D5-609-106_2_1_684.fas	0	4	0	123	0	0	0	0	236	21	2	322	0	98	0	0	60	0	0	5	0	0	55	0	19	62	16	791	0	0	7	3	0	1	0	25	6	0	7	0	3	311	1	2	46	0	0	51	1	3	0	0	11	3	22	29	51	0	1	0	8	39	0	6	16	736	0	168	0	0	0	6	247	64	0	0	0	0	0	15	391	0	4	271	15	4	0	1	0	41	0	1
Tope_D5-636-542_2_1_450.fas	0	0	0	44	27	0	1	0	13	1	0	74	0	13	0	0	8	0	0	0	0	9	35	0	0	9	0	137	0	0	0	1	0	0	0	0	0	0	0	0	10	4	0	0	18	301	0	426	0	0	0	0	453	7	0	0	212	0	0	0	0	4	1	0	0	480	0	64	0	0	0	0	36	9	0	0	0	0	0	664	1	0	0	10	7	0	0	0	0	6	0	0
Tope_D5-647-741_1_1_943.fas	1	2	0	905	175	0	2	1	92	0	46	541	3	31	4	0	72	7	2	5	0	1	6	8	10	179	50	1010	15	1	0	0	0	1	3	0	13	0	4	0	5	38	1	24	95	2	0	505	3	5	0	35	801	0	53	4	215	0	3	0	30	7	13	7	173	809	8	154	1	28	0	9	94	1	0	0	0	2	1	5	0	0	1	52	30	0	4	13	0	4	0	5
Tope_D5-610-781_1_1_180.fas	37	6	0	270	27	2	0	38	519	0	107	433	12	66	0	0	153	17	38	8	47	0	58	14	56	130	282	414	8	9	0	0	37	1	15	0	61	0	21	29	0	180	15	98	5	6	1	128	14	0	7	55	90	0	166	22	55	39	14	3	23	49	68	12	232	645	16	540	11	121	0	42	287	7	0	0	8	2	0	14	0	0	0	96	13	0	20	7	0	1	0	20
Tope_D5-621-636_1_1_645.fas	2	10	0	250	4	2	10	44	278	3	26	831	2	114	1	41	188	8	0	65	14	0	20	48	9	244	120	900	12	0	4	14	0	1	4	6	47	0	8	4	2	21	20	48	71	17	14	69	3	50	0	44	11	2	75	18	74	3	19	0	7	111	19	0	98	627	14	250	1	44	1	65	432	11	10	0	1	0	1	9	0	3	2	140	0	2	16	5	0	22	0	5
Tope_D5-623-246_2_1_1160.fas	0	3	0	154	41	0	21	0	356	34	2	581	0	125	2	57	37	0	11	5	16	0	96	0	0	137	0	1396	17	7	16	7	0	2	0	24	0	0	7	0	0	110	127	11	47	21	0	68	0	14	0	0	30	20	9	58	0	0	41	124	5	69	1	0	27	862	0	1	0	0	0	1	588	62	0	0	0	0	0	16	0	4	19	147	0	2	0	0	0	89	0	6
Tope_D5-602-667_2_1_191.fas	0	0	0	202	0	0	3	0	26	1	0	265	0	22	0	0	12	0	21	0	0	0	18	1	0	27	0	2779	3	0	0	3	0	0	0	1	2	0	0	1	44	110	0	0	33	7	0	176	0	18	0	0	7	0	5	0	189	0	0	0	0	0	0	0	0	602	1	129	0	0	0	1	593	2	0	0	0	0	0	0	0	0	0	0	1	0	0	1	0	3	0	0
Tope_D5-625-341_2_1_319.fas	0	0	0	310	0	0	7	1	23	0	1	833	1	163	0	0	44	0	0	1	0	1	29	5	0	395	0	1519	29	0	0	14	0	0	0	7	0	0	0	0	5	0	0	0	0	3	0	55	0	0	0	0	2	8	0	0	133	0	2	0	1	33	1	0	1	565	0	1033	1	0	0	2	816	0	0	0	0	0	49	1	0	0	0	342	12	0	0	0	0	7	0	0
Tope_D5-649-287_1_1_547.fas	0	1	0	614	313	0	39	3	11	1	6	951	0	96	0	0	551	0	0	17	0	2	10	540	1	726	10	4663	165	0	0	0	0	0	0	1	6	0	1	0	1	179	289	8	226	1	0	366	0	58	0	7	1	0	4	0	386	0	3	1	0	153	1	0	11	1035	1	85	1	3	0	15	1839	1	25	0	0	1	0	0	0	2	0	144	94	1	0	0	0	2	0	1
Tope_D5-634-238_1_1_319.fas	54	80	0	50	3	2	0	18	865	9	143	73	0	107	9	4	36	20	8	5	32	0	12	9	122	29	462	120	12	6	0	6	0	1	22	7	357	8	117	9	0	20	25	131	0	21	0	88	11	0	8	341	51	16	397	26	11	44	10	0	46	25	146	11	292	114	137	28	2	285	6	52	83	3	0	4	6	12	1	22	0	0	0	12	0	9	57	5	0	11	0	18
Tope_D5-631-642_1_1_901.fas	5	0	0	238	0	0	0	3	101	2	13	56	1	16	0	0	14	0	0	0	0	4	12	93	2	124	9	538	1	1	1	0	0	0	0	0	3	1	2	0	0	14	0	12	0	3	0	613	0	2	0	5	126	0	14	1	88	1	0	0	3	3	14	0	53	1498	5	5	5	14	0	1	235	0	0	0	0	0	0	2	0	0	2	14	0	0	1	1	0	7	0	0
Tope_D5-657-195_1_1_82.fas	16	7	0	128	38	1	7	48	603	6	88	174	0	43	0	10	59	20	5	1	72	4	32	31	123	94	455	600	3	43	10	1	5	0	13	15	209	7	14	14	0	24	59	115	21	22	0	248	96	6	0	212	58	13	169	55	59	31	30	0	64	131	37	63	301	227	42	32	5	186	0	82	187	38	6	0	4	14	1	37	0	0	0	18	6	0	22	11	0	54	11	16
Tope_D5-649-078_1_1_818.fas	0	4	0	181	39	40	1	235	469	8	29	345	8	445	1	0	69	2	3	15	365	0	73	21	52	159	327	1073	1	8	2	0	41	2	16	16	29	13	64	1	15	30	185	4	4	39	18	173	26	0	0	71	32	0	340	46	115	71	45	2	123	18	181	80	684	447	146	102	15	113	3	442	587	9	13	0	9	3	6	17	0	0	4	53	15	2	101	11	0	11	0	28
Tope_D5-610-925_1_1_191.fas	177	0	0	99	40	0	0	2	420	6	641	90	0	6	0	0	41	10	0	1	15	0	21	35	43	48	112	718	6	4	0	2	0	2	4	4	17	6	29	3	0	19	25	52	15	0	0	36	0	0	0	28	6	0	75	22	29	5	16	0	20	30	63	15	207	141	25	110	0	100	0	5	128	9	4	0	4	6	2	13	0	4	2	23	5	0	15	4	0	13	0	46
Tope_D5-645-576_2_1_430.fas	0	0	0	110	0	0	2	0	44	2	0	299	0	10	0	0	71	2	0	38	0	0	15	1	0	136	0	855	9	0	2	11	0	0	0	3	0	0	0	0	2	33	0	0	27	0	0	804	0	0	0	0	5	0	1	0	27	0	0	0	0	6	1	0	0	159	0	2	0	0	0	1	90	10	0	9	0	0	0	6	0	2	0	63	2	0	0	1	0	3	0	1
Tope_D5-609-663_2_1_772.fas	0	0	0	321	0	0	5	0	22	4	0	307	0	0	0	0	47	0	16	98	0	0	16	0	0	378	1	1758	9	0	4	0	0	0	0	1	0	0	0	3	0	0	0	0	0	0	0	254	0	12	0	0	444	0	1	0	86	0	0	0	0	5	0	0	3	1718	0	0	0	0	0	0	43	7	0	11	0	0	0	1	0	0	2	11	11	0	0	0	0	6	0	0
Tope_D5-609-173_2_1_1426.fas	3	0	0	86	0	0	2	0	64	2	6	194	1	28	9	0	115	0	21	11	0	0	19	10	3	314	3	105	0	2	2	3	2	1	0	4	0	0	4	0	2	38	0	9	0	0	0	384	1	0	0	1	11	0	65	2	45	1	6	0	102	3	2	0	459	331	4	464	3	68	0	1	262	8	0	10	0	0	0	10	0	0	1	5	0	1	1	15	0	4	0	7
Tope_D5-608-472_2_1_645.fas	0	0	0	184	1	2	0	13	372	12	127	79	0	41	5	0	41	0	8	0	24	0	40	10	0	85	2	714	0	10	7	2	0	0	0	17	1	7	5	0	0	73	5	56	23	9	83	18	2	0	0	0	21	0	62	0	31	35	28	0	26	21	24	0	383	187	11	0	2	35	0	143	182	41	0	0	5	0	0	106	0	0	9	68	2	5	2	11	0	20	0	2
Tope_D5-640-743_1_1_387.fas	8	0	0	50	4	6	2	108	380	13	68	161	4	145	0	0	10	8	3	2	149	0	32	13	39	83	147	138	0	2	5	0	12	2	7	9	10	21	59	5	2	15	75	73	0	20	1	44	9	0	0	32	27	1	239	46	14	54	43	3	59	14	108	56	624	196	93	29	8	100	3	187	105	15	0	0	22	3	2	23	0	0	9	32	6	6	84	6	0	8	0	28
Tope_D5-652-225_2_1_1064.fas	0	0	0	134	0	0	1	0	43	1	1	1219	0	137	0	0	33	0	22	14	0	1	74	0	0	156	0	630	22	0	0	3	0	0	0	1	0	0	0	0	0	191	0	2	0	0	0	111	0	0	0	0	1	0	1	0	44	0	7	0	0	50	0	0	4	320	0	115	1	0	1	0	840	3	0	0	0	0	0	0	0	0	0	549	0	0	0	0	0	3	1	1
Tope_D5-650-125_1_1_1006.fas	2	0	2	103	20	22	1	122	307	0	38	281	0	174	0	0	46	23	3	0	35	0	15	60	13	140	101	571	4	2	0	0	6	0	6	0	64	0	12	4	4	37	58	53	20	54	1	79	10	5	0	21	13	2	55	5	55	13	87	5	13	29	37	3	148	431	36	31	1	147	0	176	250	0	1	0	0	1	1	5	0	0	3	46	1	3	12	0	0	5	0	32
Tope_D5-631-781_1_1_594.fas	10	5	0	69	19	0	1	35	102	1	345	111	4	32	0	0	49	0	1	4	18	2	3	55	17	97	87	473	17	0	0	0	0	1	6	0	23	2	0	4	0	20	28	32	17	1	1	59	1	3	0	41	64	0	36	7	48	5	7	0	11	16	15	34	47	139	7	17	3	16	0	39	235	18	10	1	0	1	1	9	0	0	3	293	13	0	5	3	0	2	0	24
