queryId	targetId	percentIdentity	alignmentLength	mismatches	gapOpenings	queryStart	queryEnd	targetStart	targetEnd	eValue	bitScore
EOSBI6J01C9KVZ	gi|121582466|ref|NC_008765.1|	100.0	242	0	0	1	242	59354	59113	5.0E-138	480.0
EOSBI6J01AT77B	gi|121582466|ref|NC_008765.1|	100.0	20	0	0	30	49	27426	27445	1.0E-5	40.1
EOSBI6J01BU7CU	gi|121582466|ref|NC_008765.1|	100.0	19	0	0	94	112	68754	68772	5.0E-5	38.2
EOSBI6J01CO4FI	gi|121582466|ref|NC_008765.1|	100.0	19	0	0	6	24	48120	48138	6.0E-5	38.2
EOSBI6J01C4KAL	gi|121582466|ref|NC_008765.1|	100.0	19	0	0	107	125	53399	53381	6.0E-5	38.2
EOSBI6J02GLMP0	gi|121582466|ref|NC_008765.1|	100.0	20	0	0	117	136	3096	3115	1.0E-5	40.1
EOSBI6J01D5CQ5	gi|121582466|ref|NC_008765.1|	100.0	20	0	0	117	136	56192	56173	1.0E-5	40.1
EOSBI6J02HG3N6	gi|121582466|ref|NC_008765.1|	100.0	19	0	0	94	112	55038	55020	6.0E-5	38.2
EOSBI6J02HM649	gi|121582466|ref|NC_008765.1|	96.15	26	1	0	136	161	58182	58157	9.0E-7	44.1
EOSBI6J01CIDEU	gi|121582466|ref|NC_008765.1|	100.0	19	0	0	109	127	12383	12365	6.0E-5	38.2
EOSBI6J02GG3FI	gi|121582466|ref|NC_008765.1|	95.83	24	1	0	50	73	55718	55741	1.0E-5	40.1
EOSBI6J01D7I9B	gi|121582466|ref|NC_008765.1|	100.0	20	0	0	180	199	44820	44801	1.0E-5	40.1
EOSBI6J02I0D9Z	gi|121582466|ref|NC_008765.1|	93.94	33	2	0	85	117	54699	54731	2.0E-8	50.1
EOSBI6J02G9UVF	gi|121582466|ref|NC_008765.1|	100.0	21	0	0	182	202	51845	51865	4.0E-6	42.1
EOSBI6J01ET6IM	gi|121582466|ref|NC_008765.1|	99.54	219	1	0	1	219	58595	58813	6.0E-122	426.0
EOSBI6J01BAZMP	gi|121582466|ref|NC_008765.1|	100.0	141	0	0	1	141	59717	59857	9.0E-78	280.0
EOSBI6J01D5UXY	gi|121582466|ref|NC_008765.1|	88.89	36	4	0	138	173	54699	54734	2.0E-5	40.1
EOSBI6J02H0B7I	gi|121582466|ref|NC_008765.1|	100.0	19	0	0	1	19	64076	64058	5.0E-5	38.2
EOSBI6J02G1GFR	gi|121582466|ref|NC_008765.1|	99.13	229	2	0	1	229	58629	58857	4.0E-126	440.0
EOSBI6J01D8CIW	gi|121582466|ref|NC_008765.1|	100.0	235	0	0	1	235	57848	57614	7.0E-134	466.0
EOSBI6J01CSPXJ	gi|121582466|ref|NC_008765.1|	100.0	22	0	0	49	70	35833	35854	9.0E-7	44.1
EOSBI6J01AIXCR	gi|121582466|ref|NC_008765.1|	100.0	20	0	0	88	107	56028	56009	1.0E-5	40.1
EOSBI6J02I6LY2	gi|121582466|ref|NC_008765.1|	87.18	39	5	0	7	45	18442	18404	6.0E-5	38.2
EOSBI6J01DZRCI	gi|121582466|ref|NC_008765.1|	95.65	23	1	0	69	91	64546	64524	6.0E-5	38.2
EOSBI6J02G6HAH	gi|121582466|ref|NC_008765.1|	100.0	227	0	0	1	227	57362	57136	4.0E-129	450.0
EOSBI6J02FSP4G	gi|121582466|ref|NC_008765.1|	95.65	23	1	0	134	156	41722	41700	6.0E-5	38.2
EOSBI6J02JL1LX	gi|121582466|ref|NC_008765.1|	95.83	24	1	0	148	171	37211	37188	1.0E-5	40.1
EOSBI6J01AF3DH	gi|121582466|ref|NC_008765.1|	100.0	61	0	0	1	61	56712	56652	4.0E-30	121.0
EOSBI6J02I3BW8	gi|121582466|ref|NC_008765.1|	90.57	53	5	0	68	120	51920	51972	3.0E-13	65.9
EOSBI6J01DWYYS	gi|121582466|ref|NC_008765.1|	99.59	246	1	0	1	246	10780	11025	5.0E-138	480.0
EOSBI6J01C14TS	gi|121582466|ref|NC_008765.1|	100.0	21	0	0	155	175	15239	15259	4.0E-6	42.1
EOSBI6J01D5ZY2	gi|121582466|ref|NC_008765.1|	100.0	227	0	0	1	227	56854	57080	4.0E-129	450.0
EOSBI6J01BGN4W	gi|121582466|ref|NC_008765.1|	96.0	25	1	0	226	250	37367	37391	4.0E-6	42.1
EOSBI6J01AMCPD	gi|121582466|ref|NC_008765.1|	100.0	19	0	0	163	181	38488	38470	6.0E-5	38.2
EOSBI6J02ILN8I	gi|121582466|ref|NC_008765.1|	95.83	24	1	0	204	227	38155	38178	1.0E-5	40.1
EOSBI6J02IS96Y	gi|121582466|ref|NC_008765.1|	100.0	19	0	0	100	118	51847	51865	6.0E-5	38.2
EOSBI6J02GQO4K	gi|121582466|ref|NC_008765.1|	100.0	249	0	0	1	249	58800	59048	3.0E-142	494.0
EOSBI6J01A4YSE	gi|121582466|ref|NC_008765.1|	100.0	19	0	0	122	140	45189	45171	5.0E-5	38.2
EOSBI6J02JFI11	gi|121582466|ref|NC_008765.1|	86.36	44	6	0	14	57	6920	6877	1.0E-5	40.1
EOSBI6J02IQ4X5	gi|121582466|ref|NC_008765.1|	95.65	23	1	0	138	160	54537	54515	5.0E-5	38.2
EOSBI6J02JAD04	gi|121582466|ref|NC_008765.1|	100.0	19	0	0	201	219	34611	34629	5.0E-5	38.2
EOSBI6J01ET58C	gi|121582466|ref|NC_008765.1|	100.0	231	0	0	1	231	57525	57295	2.0E-131	458.0
EOSBI6J02G7BOF	gi|121582466|ref|NC_008765.1|	89.47	38	4	0	190	227	66332	66295	1.0E-6	44.1
EOSBI6J01B21AV	gi|121582466|ref|NC_008765.1|	100.0	19	0	0	24	42	51639	51657	5.0E-5	38.2
EOSBI6J01BIIU5	gi|121582466|ref|NC_008765.1|	100.0	20	0	0	88	107	56028	56009	1.0E-5	40.1
EOSBI6J02FQ2IL	gi|121582466|ref|NC_008765.1|	100.0	230	0	0	1	230	58529	58300	7.0E-131	456.0
EOSBI6J02IZ5YG	gi|121582466|ref|NC_008765.1|	100.0	19	0	0	183	201	55022	55040	5.0E-5	38.2
EOSBI6J02G5ECN	gi|121582466|ref|NC_008765.1|	100.0	19	0	0	100	118	4290	4308	5.0E-5	38.2
EOSBI6J02F4JYU	gi|121582466|ref|NC_008765.1|	86.36	44	6	0	14	57	6920	6877	1.0E-5	40.1
EOSBI6J02GXOZ8	gi|121582466|ref|NC_008765.1|	100.0	227	0	0	1	227	57080	57306	4.0E-129	450.0
EOSBI6J02F46DM	gi|121582466|ref|NC_008765.1|	100.0	19	0	0	151	169	49049	49067	6.0E-5	38.2
EOSBI6J02F8PGB	gi|121582466|ref|NC_008765.1|	95.83	24	1	0	96	119	5392	5369	1.0E-5	40.1
EOSBI6J02GZN8F	gi|121582466|ref|NC_008765.1|	95.65	23	1	0	49	71	39139	39117	6.0E-5	38.2
EOSBI6J01DIVG4	gi|121582466|ref|NC_008765.1|	100.0	234	0	0	1	234	57271	57504	3.0E-133	464.0
EOSBI6J01E1B3I	gi|121582466|ref|NC_008765.1|	100.0	19	0	0	4	22	42008	42026	6.0E-5	38.2
EOSBI6J02FVMFR	gi|121582466|ref|NC_008765.1|	95.65	23	1	0	22	44	58354	58332	5.0E-5	38.2
EOSBI6J02IUWCH	gi|121582466|ref|NC_008765.1|	100.0	20	0	0	73	92	18357	18338	1.0E-5	40.1
EOSBI6J01B7DQN	gi|121582466|ref|NC_008765.1|	95.65	23	1	0	226	248	62060	62082	6.0E-5	38.2
EOSBI6J02HXNMN	gi|121582466|ref|NC_008765.1|	100.0	20	0	0	119	138	53863	53844	1.0E-5	40.1
EOSBI6J01BJRSS	gi|121582466|ref|NC_008765.1|	95.65	23	1	0	126	148	53451	53429	5.0E-5	38.2
EOSBI6J01ALQI9	gi|121582466|ref|NC_008765.1|	99.6	249	0	1	1	249	57885	57638	2.0E-137	478.0
EOSBI6J01CN5F4	gi|121582466|ref|NC_008765.1|	95.83	24	1	0	123	146	11053	11076	1.0E-5	40.1
EOSBI6J02IXDCY	gi|121582466|ref|NC_008765.1|	100.0	20	0	0	125	144	6837	6818	2.0E-5	40.1
EOSBI6J01DWSHS	gi|121582466|ref|NC_008765.1|	99.59	241	1	0	1	241	58960	58720	4.0E-135	470.0
EOSBI6J02IJGB5	gi|121582466|ref|NC_008765.1|	90.32	31	3	0	31	61	52998	53028	6.0E-5	38.2
EOSBI6J02ISWIF	gi|121582466|ref|NC_008765.1|	100.0	230	0	0	1	230	58610	58839	6.0E-131	456.0
EOSBI6J01D8DW5	gi|121582466|ref|NC_008765.1|	100.0	22	0	0	216	237	49185	49206	1.0E-6	44.1
EOSBI6J02F7HMX	gi|121582466|ref|NC_008765.1|	100.0	19	0	0	101	119	45981	45963	6.0E-5	38.2
EOSBI6J02HLGCH	gi|121582466|ref|NC_008765.1|	100.0	20	0	0	233	252	70645	70626	1.0E-5	40.1
EOSBI6J02IW6VT	gi|121582466|ref|NC_008765.1|	90.24	41	4	0	107	147	17350	17310	1.0E-8	50.1
EOSBI6J02GDT1U	gi|121582466|ref|NC_008765.1|	95.65	23	1	0	158	180	65097	65119	6.0E-5	38.2
EOSBI6J01A447X	gi|121582466|ref|NC_008765.1|	95.65	23	1	0	7	29	10779	10801	6.0E-5	38.2
EOSBI6J02IN7O1	gi|121582466|ref|NC_008765.1|	100.0	20	0	0	232	251	70645	70626	1.0E-5	40.1
EOSBI6J02GFMHC	gi|121582466|ref|NC_008765.1|	100.0	19	0	0	110	128	12383	12365	6.0E-5	38.2
EOSBI6J01CHX4X	gi|121582466|ref|NC_008765.1|	100.0	19	0	0	209	227	29921	29939	5.0E-5	38.2
EOSBI6J02FYF64	gi|121582466|ref|NC_008765.1|	100.0	19	0	0	165	183	27136	27154	7.0E-5	38.2
EOSBI6J01CYV8J	gi|121582466|ref|NC_008765.1|	90.7	43	4	0	53	95	56060	56102	1.0E-9	54.0
EOSBI6J01CRJNC	gi|121582466|ref|NC_008765.1|	100.0	19	0	0	96	114	46419	46437	6.0E-5	38.2
EOSBI6J01BT2J3	gi|121582466|ref|NC_008765.1|	100.0	19	0	0	42	60	6375	6393	6.0E-5	38.2
EOSBI6J01COSOJ	gi|121582466|ref|NC_008765.1|	92.59	27	2	0	188	214	4716	4690	6.0E-5	38.2
EOSBI6J01DQJV3	gi|121582466|ref|NC_008765.1|	100.0	19	0	0	96	114	46419	46437	6.0E-5	38.2
EOSBI6J02IDXJU	gi|121582466|ref|NC_008765.1|	100.0	19	0	0	108	126	11109	11127	5.0E-5	38.2
EOSBI6J02JH8XZ	gi|121582466|ref|NC_008765.1|	100.0	18	0	0	14	31	51795	51778	5.0E-5	36.2
EOSBI6J02GQC60	gi|121582466|ref|NC_008765.1|	90.0	70	6	1	160	229	42154	42222	2.0E-16	75.8
EOSBI6J02HYFDD	gi|121582466|ref|NC_008765.1|	100.0	238	0	0	1	238	57757	57520	1.0E-135	472.0
EOSBI6J01A7BX6	gi|121582466|ref|NC_008765.1|	100.0	19	0	0	205	223	18959	18977	5.0E-5	38.2
EOSBI6J02GKHOS	gi|121582466|ref|NC_008765.1|	93.1	29	2	0	74	102	34595	34567	3.0E-6	42.1
EOSBI6J01BC9LW	gi|121582466|ref|NC_008765.1|	100.0	19	0	0	8	26	6111	6129	5.0E-5	38.2
EOSBI6J01AYWF7	gi|121582466|ref|NC_008765.1|	100.0	231	0	0	1	231	58462	58232	2.0E-131	458.0
EOSBI6J02FJNVL	gi|121582466|ref|NC_008765.1|	95.65	23	1	0	49	71	5079	5101	5.0E-5	38.2
EOSBI6J01C1996	gi|121582466|ref|NC_008765.1|	92.86	28	2	0	46	73	67819	67792	1.0E-5	40.1
EOSBI6J01CT50E	gi|121582466|ref|NC_008765.1|	100.0	20	0	0	224	243	40673	40654	1.0E-5	40.1
EOSBI6J01EMVYY	gi|121582466|ref|NC_008765.1|	92.59	27	2	0	168	194	12697	12671	6.0E-5	38.2
EOSBI6J01BPIS1	gi|121582466|ref|NC_008765.1|	92.59	27	2	0	19	45	17452	17426	6.0E-5	38.2
EOSBI6J01CO7LD	gi|121582466|ref|NC_008765.1|	100.0	19	0	0	6	24	48120	48138	6.0E-5	38.2
EOSBI6J02GDJP5	gi|121582466|ref|NC_008765.1|	100.0	230	0	0	1	230	57316	57545	6.0E-131	456.0
EOSBI6J01DSF08	gi|121582466|ref|NC_008765.1|	100.0	19	0	0	248	266	49207	49189	6.0E-5	38.2
EOSBI6J01ESCWC	gi|121582466|ref|NC_008765.1|	100.0	19	0	0	160	178	27140	27122	5.0E-5	38.2
EOSBI6J01BKC9O	gi|121582466|ref|NC_008765.1|	100.0	21	0	0	147	167	38954	38974	4.0E-6	42.1
EOSBI6J02H4BO3	gi|121582466|ref|NC_008765.1|	100.0	20	0	0	1	20	52504	52485	1.0E-5	40.1
EOSBI6J02HPOLJ	gi|121582466|ref|NC_008765.1|	100.0	19	0	0	46	64	33610	33592	6.0E-5	38.2
EOSBI6J01C9J16	gi|121582466|ref|NC_008765.1|	100.0	19	0	0	131	149	46055	46073	6.0E-5	38.2
EOSBI6J01EQEI7	gi|121582466|ref|NC_008765.1|	100.0	20	0	0	151	170	55167	55148	1.0E-5	40.1
EOSBI6J01C49VK	gi|121582466|ref|NC_008765.1|	100.0	19	0	0	62	80	38889	38871	5.0E-5	38.2
EOSBI6J01BRYOJ	gi|121582466|ref|NC_008765.1|	100.0	19	0	0	205	223	54674	54656	6.0E-5	38.2
EOSBI6J01BJXVF	gi|121582466|ref|NC_008765.1|	100.0	240	0	0	1	240	58461	58222	7.0E-137	476.0
EOSBI6J01EHNON	gi|121582466|ref|NC_008765.1|	100.0	20	0	0	124	143	42582	42563	1.0E-5	40.1
EOSBI6J02I9SVU	gi|121582466|ref|NC_008765.1|	100.0	19	0	0	54	72	21719	21737	6.0E-5	38.2
EOSBI6J02JFI45	gi|121582466|ref|NC_008765.1|	100.0	19	0	0	128	146	24660	24642	6.0E-5	38.2
EOSBI6J02HI1T4	gi|121582466|ref|NC_008765.1|	100.0	20	0	0	18	37	71244	71225	1.0E-5	40.1
EOSBI6J02GUON9	gi|121582466|ref|NC_008765.1|	100.0	20	0	0	186	205	56028	56009	1.0E-5	40.1
EOSBI6J02GDMFH	gi|121582466|ref|NC_008765.1|	95.65	23	1	0	34	56	16535	16513	5.0E-5	38.2
EOSBI6J02JOGGC	gi|121582466|ref|NC_008765.1|	100.0	20	0	0	59	78	47173	47154	1.0E-5	40.1
EOSBI6J02F9AYI	gi|121582466|ref|NC_008765.1|	100.0	19	0	0	19	37	37211	37193	6.0E-5	38.2
EOSBI6J02FWJML	gi|121582466|ref|NC_008765.1|	100.0	19	0	0	54	72	11006	10988	5.0E-5	38.2
EOSBI6J02HPWJX	gi|121582466|ref|NC_008765.1|	100.0	19	0	0	205	223	23352	23334	6.0E-5	38.2
EOSBI6J02HT143	gi|121582466|ref|NC_008765.1|	100.0	20	0	0	119	138	67239	67258	1.0E-5	40.1
EOSBI6J01D9NVS	gi|121582466|ref|NC_008765.1|	100.0	20	0	0	119	138	53863	53844	1.0E-5	40.1
EOSBI6J02JNDEA	gi|121582466|ref|NC_008765.1|	100.0	226	0	0	1	226	57552	57327	2.0E-128	448.0
EOSBI6J01A77X3	gi|121582466|ref|NC_008765.1|	93.94	33	2	0	157	189	23229	23261	2.0E-8	50.1
EOSBI6J02GRJSY	gi|121582466|ref|NC_008765.1|	100.0	235	0	0	1	235	57113	56879	7.0E-134	466.0
EOSBI6J01AJJD4	gi|121582466|ref|NC_008765.1|	90.62	32	3	0	186	217	54703	54734	1.0E-5	40.1
EOSBI6J02FYOXT	gi|121582466|ref|NC_008765.1|	100.0	21	0	0	86	106	48118	48138	3.0E-6	42.1
EOSBI6J02H97SE	gi|121582466|ref|NC_008765.1|	100.0	21	0	0	217	237	47741	47761	3.0E-6	42.1
EOSBI6J02JHAFC	gi|121582466|ref|NC_008765.1|	100.0	21	0	0	206	226	67498	67518	4.0E-6	42.1
EOSBI6J01DFQI2	gi|121582466|ref|NC_008765.1|	88.89	36	4	0	147	182	35323	35288	1.0E-5	40.1
EOSBI6J02JEQ0F	gi|121582466|ref|NC_008765.1|	100.0	240	0	0	1	240	57529	57768	7.0E-137	476.0
EOSBI6J02IT0EX	gi|121582466|ref|NC_008765.1|	100.0	20	0	0	219	238	51862	51843	1.0E-5	40.1
EOSBI6J02IX88B	gi|121582466|ref|NC_008765.1|	100.0	19	0	0	113	131	27660	27678	6.0E-5	38.2
EOSBI6J01CG98V	gi|121582466|ref|NC_008765.1|	100.0	19	0	0	19	37	12464	12482	6.0E-5	38.2
EOSBI6J02G8C9W	gi|121582466|ref|NC_008765.1|	100.0	226	0	0	1	226	57398	57173	2.0E-128	448.0
EOSBI6J01CV5AV	gi|121582466|ref|NC_008765.1|	100.0	20	0	0	167	186	55965	55946	1.0E-5	40.1
EOSBI6J02G9R5W	gi|121582466|ref|NC_008765.1|	100.0	19	0	0	181	199	65846	65828	5.0E-5	38.2
EOSBI6J02GDK3M	gi|121582466|ref|NC_008765.1|	100.0	19	0	0	75	93	21770	21752	6.0E-5	38.2
EOSBI6J01ED9Y3	gi|121582466|ref|NC_008765.1|	100.0	234	0	0	1	234	57271	57504	3.0E-133	464.0
EOSBI6J01CIJQG	gi|121582466|ref|NC_008765.1|	100.0	19	0	0	110	128	12383	12365	6.0E-5	38.2
EOSBI6J01BUPNC	gi|121582466|ref|NC_008765.1|	100.0	20	0	0	108	127	66706	66725	1.0E-5	40.1
EOSBI6J01CEKTP	gi|121582466|ref|NC_008765.1|	92.31	39	3	0	51	89	54706	54744	1.0E-9	54.0
EOSBI6J01C9207	gi|121582466|ref|NC_008765.1|	100.0	20	0	0	154	173	686	705	1.0E-5	40.1
EOSBI6J01ALAV7	gi|121582466|ref|NC_008765.1|	100.0	19	0	0	40	58	41309	41291	5.0E-5	38.2
EOSBI6J02GL5OW	gi|121582466|ref|NC_008765.1|	100.0	19	0	0	15	33	38470	38488	6.0E-5	38.2
EOSBI6J01CSL11	gi|121582466|ref|NC_008765.1|	100.0	220	0	0	1	220	58786	58567	6.0E-125	436.0
EOSBI6J01BVQ9B	gi|121582466|ref|NC_008765.1|	100.0	24	0	0	165	188	54699	54722	6.0E-8	48.1
EOSBI6J02I9LQE	gi|121582466|ref|NC_008765.1|	100.0	19	0	0	67	85	20315	20297	6.0E-5	38.2
EOSBI6J02I27H0	gi|121582466|ref|NC_008765.1|	82.57	218	38	0	5	222	58679	58462	5.0E-33	131.0
EOSBI6J02JE5NI	gi|121582466|ref|NC_008765.1|	100.0	19	0	0	208	226	10593	10575	6.0E-5	38.2
EOSBI6J02HUYDM	gi|121582466|ref|NC_008765.1|	100.0	232	0	0	1	232	57498	57729	4.0E-132	460.0
EOSBI6J01DNGY9	gi|121582466|ref|NC_008765.1|	100.0	208	0	0	1	208	57845	57638	8.0E-118	412.0
EOSBI6J02G6UHR	gi|121582466|ref|NC_008765.1|	100.0	19	0	0	54	72	17328	17346	6.0E-5	38.2
EOSBI6J01C768C	gi|121582466|ref|NC_008765.1|	95.65	23	1	0	128	150	50999	50977	4.0E-5	38.2
EOSBI6J02IQDLS	gi|121582466|ref|NC_008765.1|	95.65	23	1	0	104	126	58366	58388	5.0E-5	38.2
EOSBI6J02G225D	gi|121582466|ref|NC_008765.1|	100.0	20	0	0	36	55	45316	45297	1.0E-5	40.1
EOSBI6J01A8JKZ	gi|121582466|ref|NC_008765.1|	95.65	23	1	0	131	153	50983	51005	5.0E-5	38.2
EOSBI6J01CDN58	gi|121582466|ref|NC_008765.1|	95.65	23	1	0	153	175	14728	14750	6.0E-5	38.2
EOSBI6J01DOK4I	gi|121582466|ref|NC_008765.1|	100.0	20	0	0	79	98	29272	29291	1.0E-5	40.1
EOSBI6J01CGON0	gi|121582466|ref|NC_008765.1|	80.43	92	18	0	76	167	11648	11557	2.0E-5	40.1
EOSBI6J01EYG91	gi|121582466|ref|NC_008765.1|	100.0	19	0	0	94	112	68754	68772	5.0E-5	38.2
EOSBI6J01C1UUN	gi|121582466|ref|NC_008765.1|	100.0	233	0	0	1	233	59301	59069	1.0E-132	462.0
EOSBI6J02HW97K	gi|121582466|ref|NC_008765.1|	100.0	236	0	0	1	236	57744	57509	2.0E-134	468.0
EOSBI6J02HZYID	gi|121582466|ref|NC_008765.1|	100.0	19	0	0	112	130	56178	56196	5.0E-5	38.2
EOSBI6J01B1WY9	gi|121582466|ref|NC_008765.1|	100.0	19	0	0	108	126	51965	51983	6.0E-5	38.2
EOSBI6J01BDASD	gi|121582466|ref|NC_008765.1|	90.38	52	5	0	23	74	6910	6859	1.0E-12	63.9
EOSBI6J01D5J17	gi|121582466|ref|NC_008765.1|	93.75	32	2	0	1	32	23260	23229	4.0E-8	48.1
EOSBI6J01CQ7RR	gi|121582466|ref|NC_008765.1|	98.67	225	0	3	1	224	57691	57469	1.0E-113	398.0
EOSBI6J02H65JX	gi|121582466|ref|NC_008765.1|	100.0	19	0	0	221	239	52603	52621	6.0E-5	38.2
EOSBI6J02IBAZP	gi|121582466|ref|NC_008765.1|	82.96	135	23	0	118	252	14382	14516	3.0E-19	85.7
EOSBI6J01EPZ46	gi|121582466|ref|NC_008765.1|	100.0	20	0	0	89	108	26889	26870	1.0E-5	40.1
EOSBI6J01B9ZL5	gi|121582466|ref|NC_008765.1|	100.0	120	0	0	121	240	58490	58609	3.0E-65	238.0
EOSBI6J01BOAHH	gi|121582466|ref|NC_008765.1|	100.0	19	0	0	97	115	5094	5076	5.0E-5	38.2
EOSBI6J01BXCNV	gi|121582466|ref|NC_008765.1|	95.83	24	1	0	148	171	3004	3027	1.0E-5	40.1
EOSBI6J02HF03V	gi|121582466|ref|NC_008765.1|	96.15	26	1	0	137	162	58182	58157	9.0E-7	44.1
EOSBI6J01CABOK	gi|121582466|ref|NC_008765.1|	100.0	20	0	0	239	258	67258	67239	1.0E-5	40.1
EOSBI6J01BZ7QE	gi|121582466|ref|NC_008765.1|	100.0	231	0	0	1	231	58344	58574	2.0E-131	458.0
EOSBI6J01DUOK6	gi|121582466|ref|NC_008765.1|	100.0	19	0	0	149	167	4379	4361	7.0E-5	38.2
EOSBI6J01BBXOK	gi|121582466|ref|NC_008765.1|	100.0	19	0	0	231	249	37382	37400	6.0E-5	38.2
EOSBI6J01C06GK	gi|121582466|ref|NC_008765.1|	100.0	20	0	0	63	82	34078	34059	1.0E-5	40.1
EOSBI6J02GEJMM	gi|121582466|ref|NC_008765.1|	95.83	24	1	0	118	141	50118	50141	1.0E-5	40.1
EOSBI6J02F9QAM	gi|121582466|ref|NC_008765.1|	100.0	243	0	0	1	243	59657	59415	1.0E-138	482.0
EOSBI6J02FXG0I	gi|121582466|ref|NC_008765.1|	93.1	29	2	0	211	239	42565	42593	4.0E-6	42.1
EOSBI6J01BL4UU	gi|121582466|ref|NC_008765.1|	100.0	20	0	0	55	74	39218	39237	1.0E-5	40.1
EOSBI6J02HVX7A	gi|121582466|ref|NC_008765.1|	100.0	228	0	0	1	228	58184	58411	1.0E-129	452.0
EOSBI6J01DM7CU	gi|121582466|ref|NC_008765.1|	90.32	31	3	0	74	104	61999	61969	6.0E-5	38.2
EOSBI6J01E1SAT	gi|121582466|ref|NC_008765.1|	92.16	51	4	0	132	182	35435	35485	2.0E-14	69.9
EOSBI6J02ILNTG	gi|121582466|ref|NC_008765.1|	100.0	19	0	0	42	60	70915	70897	6.0E-5	38.2
EOSBI6J01D2ZO3	gi|121582466|ref|NC_008765.1|	95.65	23	1	0	202	224	36916	36894	6.0E-5	38.2
EOSBI6J02HXUL2	gi|121582466|ref|NC_008765.1|	100.0	19	0	0	128	146	67689	67671	6.0E-5	38.2
EOSBI6J02IRUPH	gi|121582466|ref|NC_008765.1|	100.0	19	0	0	106	124	2555	2537	6.0E-5	38.2
EOSBI6J01EKZFJ	gi|121582466|ref|NC_008765.1|	100.0	21	0	0	124	144	37516	37496	4.0E-6	42.1
EOSBI6J02IAAF9	gi|121582466|ref|NC_008765.1|	95.65	23	1	0	74	96	13126	13148	5.0E-5	38.2
EOSBI6J01ASCWQ	gi|121582466|ref|NC_008765.1|	95.65	23	1	0	97	119	44896	44874	6.0E-5	38.2
EOSBI6J01CW52L	gi|121582466|ref|NC_008765.1|	100.0	241	0	0	1	241	58207	58447	2.0E-137	478.0
EOSBI6J01BL988	gi|121582466|ref|NC_008765.1|	100.0	19	0	0	82	100	43905	43923	5.0E-5	38.2
EOSBI6J01DDCG1	gi|121582466|ref|NC_008765.1|	100.0	232	0	0	1	232	57508	57277	4.0E-132	460.0
EOSBI6J02HDCA0	gi|121582466|ref|NC_008765.1|	100.0	19	0	0	185	203	5877	5859	5.0E-5	38.2
EOSBI6J01AILFC	gi|121582466|ref|NC_008765.1|	100.0	19	0	0	206	224	20792	20810	5.0E-5	38.2
EOSBI6J01D31OT	gi|121582466|ref|NC_008765.1|	100.0	250	0	0	1	250	58288	58039	8.0E-143	496.0
EOSBI6J02JR416	gi|121582466|ref|NC_008765.1|	100.0	19	0	0	214	232	65929	65911	6.0E-5	38.2
EOSBI6J01BPFNC	gi|121582466|ref|NC_008765.1|	100.0	19	0	0	160	178	46758	46740	5.0E-5	38.2
EOSBI6J02HLQ0T	gi|121582466|ref|NC_008765.1|	100.0	19	0	0	118	136	34633	34615	6.0E-5	38.2
EOSBI6J01CJM0N	gi|121582466|ref|NC_008765.1|	95.83	24	1	0	192	215	39211	39188	1.0E-5	40.1
EOSBI6J02H51Y6	gi|121582466|ref|NC_008765.1|	100.0	19	0	0	175	193	31837	31819	5.0E-5	38.2
EOSBI6J02HODMF	gi|121582466|ref|NC_008765.1|	100.0	20	0	0	32	51	48140	48121	1.0E-5	40.1
EOSBI6J02GUCCC	gi|121582466|ref|NC_008765.1|	100.0	19	0	0	108	126	69185	69203	6.0E-5	38.2
EOSBI6J01B0OMV	gi|121582466|ref|NC_008765.1|	96.43	28	1	0	90	117	6443	6416	5.0E-8	48.1
EOSBI6J01A64M2	gi|121582466|ref|NC_008765.1|	100.0	19	0	0	87	105	42180	42198	5.0E-5	38.2
EOSBI6J01AGNOY	gi|121582466|ref|NC_008765.1|	100.0	20	0	0	131	150	13036	13017	1.0E-5	40.1
EOSBI6J02ITSC5	gi|121582466|ref|NC_008765.1|	100.0	19	0	0	215	233	56520	56538	5.0E-5	38.2
EOSBI6J01BYTVK	gi|121582466|ref|NC_008765.1|	95.83	24	1	0	8	31	37482	37505	6.0E-6	40.1
EOSBI6J02ISWI1	gi|121582466|ref|NC_008765.1|	88.89	63	7	0	106	168	42231	42169	2.0E-14	69.9
EOSBI6J01CGO6J	gi|121582466|ref|NC_008765.1|	82.42	91	16	0	72	162	17370	17460	9.0E-10	54.0
EOSBI6J01DOX37	gi|121582466|ref|NC_008765.1|	100.0	19	0	0	101	119	1193	1211	7.0E-5	38.2
EOSBI6J02H7XPL	gi|121582466|ref|NC_008765.1|	100.0	19	0	0	80	98	68565	68547	5.0E-5	38.2
EOSBI6J01BS6C2	gi|121582466|ref|NC_008765.1|	100.0	19	0	0	216	234	41969	41951	6.0E-5	38.2
EOSBI6J01CK9NP	gi|121582466|ref|NC_008765.1|	100.0	236	0	0	1	236	57837	57602	2.0E-134	468.0
EOSBI6J01CXCZB	gi|121582466|ref|NC_008765.1|	96.15	26	1	0	135	160	27709	27684	1.0E-6	44.1
EOSBI6J02JNKDY	gi|121582466|ref|NC_008765.1|	100.0	19	0	0	59	77	20767	20785	6.0E-5	38.2
EOSBI6J02IGSQY	gi|121582466|ref|NC_008765.1|	95.83	24	1	0	52	75	28301	28278	1.0E-5	40.1
EOSBI6J02IDD88	gi|121582466|ref|NC_008765.1|	100.0	19	0	0	181	199	40194	40212	6.0E-5	38.2
EOSBI6J01C9NCB	gi|121582466|ref|NC_008765.1|	100.0	238	0	0	1	238	57840	57603	1.0E-135	472.0
EOSBI6J02JAS3Q	gi|121582466|ref|NC_008765.1|	95.65	23	1	0	179	201	52728	52706	5.0E-5	38.2
EOSBI6J01EW7BQ	gi|121582466|ref|NC_008765.1|	100.0	19	0	0	44	62	33887	33905	6.0E-5	38.2
EOSBI6J02GFMZQ	gi|121582466|ref|NC_008765.1|	95.65	23	1	0	162	184	45322	45300	6.0E-5	38.2
EOSBI6J01DLHDW	gi|121582466|ref|NC_008765.1|	100.0	247	0	0	1	247	59561	59315	5.0E-141	490.0
EOSBI6J01AFZ7Y	gi|121582466|ref|NC_008765.1|	100.0	19	0	0	163	181	39087	39105	6.0E-5	38.2
EOSBI6J02F7KLQ	gi|121582466|ref|NC_008765.1|	96.0	25	1	0	50	74	63251	63275	3.0E-6	42.1
EOSBI6J02GVX44	gi|121582466|ref|NC_008765.1|	100.0	19	0	0	233	251	6111	6129	6.0E-5	38.2
EOSBI6J02HLVKZ	gi|121582466|ref|NC_008765.1|	100.0	21	0	0	85	105	5085	5105	4.0E-6	42.1
EOSBI6J02HPGIK	gi|121582466|ref|NC_008765.1|	100.0	19	0	0	48	66	51856	51838	5.0E-5	38.2
EOSBI6J01DR1X2	gi|121582466|ref|NC_008765.1|	100.0	19	0	0	73	91	42062	42080	6.0E-5	38.2
EOSBI6J02GVQKR	gi|121582466|ref|NC_008765.1|	100.0	19	0	0	18	36	68154	68136	6.0E-5	38.2
EOSBI6J02H7RCK	gi|121582466|ref|NC_008765.1|	95.65	23	1	0	46	68	54559	54537	5.0E-5	38.2
EOSBI6J02GFJMQ	gi|121582466|ref|NC_008765.1|	100.0	245	0	0	1	245	59104	58860	8.0E-140	486.0
EOSBI6J02GV4HC	gi|121582466|ref|NC_008765.1|	100.0	19	0	0	207	225	47362	47344	6.0E-5	38.2
EOSBI6J02ISWMF	gi|121582466|ref|NC_008765.1|	100.0	19	0	0	89	107	44881	44899	5.0E-5	38.2
EOSBI6J01CZOAF	gi|121582466|ref|NC_008765.1|	100.0	19	0	0	43	61	11879	11861	5.0E-5	38.2
EOSBI6J01BQ426	gi|121582466|ref|NC_008765.1|	100.0	19	0	0	153	171	11394	11376	6.0E-5	38.2
EOSBI6J01E2WT8	gi|121582466|ref|NC_008765.1|	100.0	19	0	0	109	127	6019	6001	7.0E-5	38.2
EOSBI6J01DZ92N	gi|121582466|ref|NC_008765.1|	100.0	19	0	0	21	39	38556	38538	5.0E-5	38.2
EOSBI6J01DZEDH	gi|121582466|ref|NC_008765.1|	100.0	19	0	0	184	202	42212	42230	5.0E-5	38.2
EOSBI6J01DF4Y0	gi|121582466|ref|NC_008765.1|	100.0	20	0	0	105	124	4852	4833	1.0E-5	40.1
EOSBI6J02I4RKX	gi|121582466|ref|NC_008765.1|	100.0	19	0	0	111	129	32685	32703	6.0E-5	38.2
EOSBI6J02GE6Q5	gi|121582466|ref|NC_008765.1|	100.0	19	0	0	230	248	40574	40592	6.0E-5	38.2
EOSBI6J02FL876	gi|121582466|ref|NC_008765.1|	100.0	19	0	0	72	90	5451	5433	6.0E-5	38.2
EOSBI6J01BPBTH	gi|121582466|ref|NC_008765.1|	100.0	19	0	0	234	252	63969	63951	6.0E-5	38.2
EOSBI6J01D5AMM	gi|121582466|ref|NC_008765.1|	100.0	20	0	0	110	129	29128	29147	1.0E-5	40.1
EOSBI6J02GT7E7	gi|121582466|ref|NC_008765.1|	100.0	19	0	0	155	173	44052	44070	5.0E-5	38.2
EOSBI6J01C3EXW	gi|121582466|ref|NC_008765.1|	100.0	19	0	0	3	21	58145	58163	6.0E-5	38.2
EOSBI6J02IMBLN	gi|121582466|ref|NC_008765.1|	100.0	19	0	0	98	116	44721	44703	5.0E-5	38.2
EOSBI6J01CJEJI	gi|121582466|ref|NC_008765.1|	100.0	19	0	0	166	184	48121	48139	5.0E-5	38.2
EOSBI6J02H04LG	gi|121582466|ref|NC_008765.1|	95.83	24	1	0	204	227	51961	51984	1.0E-5	40.1
EOSBI6J02GIFE2	gi|121582466|ref|NC_008765.1|	100.0	19	0	0	205	223	53870	53852	7.0E-5	38.2
EOSBI6J01CUD6Y	gi|121582466|ref|NC_008765.1|	100.0	19	0	0	251	269	21227	21209	6.0E-5	38.2
EOSBI6J02HGPW7	gi|121582466|ref|NC_008765.1|	100.0	19	0	0	131	149	35641	35623	6.0E-5	38.2
EOSBI6J02HZXAL	gi|121582466|ref|NC_008765.1|	100.0	18	0	0	36	53	14242	14225	6.0E-5	36.2
EOSBI6J02GD30Y	gi|121582466|ref|NC_008765.1|	100.0	20	0	0	34	53	28118	28099	1.0E-5	40.1
EOSBI6J01DMJ2F	gi|121582466|ref|NC_008765.1|	92.59	27	2	0	190	216	9477	9503	6.0E-5	38.2
EOSBI6J02GPJHD	gi|121582466|ref|NC_008765.1|	100.0	19	0	0	227	245	61511	61493	6.0E-5	38.2
EOSBI6J02IDGMM	gi|121582466|ref|NC_008765.1|	100.0	22	0	0	42	63	17769	17790	9.0E-7	44.1
EOSBI6J01C6FF0	gi|121582466|ref|NC_008765.1|	96.0	25	1	0	65	89	64808	64832	4.0E-6	42.1
EOSBI6J02FMO5M	gi|121582466|ref|NC_008765.1|	100.0	19	0	0	136	154	42564	42582	6.0E-5	38.2
EOSBI6J02F0K9S	gi|121582466|ref|NC_008765.1|	100.0	19	0	0	80	98	68226	68244	5.0E-5	38.2
EOSBI6J01CQ0Y7	gi|121582466|ref|NC_008765.1|	100.0	19	0	0	236	254	37920	37938	6.0E-5	38.2
EOSBI6J02G18V8	gi|121582466|ref|NC_008765.1|	100.0	21	0	0	13	33	10477	10497	4.0E-6	42.1
EOSBI6J01CHPGD	gi|121582466|ref|NC_008765.1|	100.0	23	0	0	151	173	14750	14728	2.0E-7	46.1
EOSBI6J01CUHJF	gi|121582466|ref|NC_008765.1|	100.0	19	0	0	134	152	160	178	5.0E-5	38.2
EOSBI6J01DWK5R	gi|121582466|ref|NC_008765.1|	95.83	24	1	0	212	235	27961	27984	1.0E-5	40.1
EOSBI6J01EFX9J	gi|121582466|ref|NC_008765.1|	93.1	29	2	0	216	244	35286	35314	4.0E-6	42.1
EOSBI6J01CP29H	gi|121582466|ref|NC_008765.1|	100.0	244	0	0	1	244	59189	58946	3.0E-139	484.0
EOSBI6J01DAE0C	gi|121582466|ref|NC_008765.1|	100.0	20	0	0	124	143	33671	33652	1.0E-5	40.1
EOSBI6J01AX1FX	gi|121582466|ref|NC_008765.1|	92.86	28	2	0	2	29	16125	16152	1.0E-5	40.1
EOSBI6J01D2ZJY	gi|121582466|ref|NC_008765.1|	92.59	27	2	0	9	35	4716	4690	6.0E-5	38.2
EOSBI6J01A43OZ	gi|121582466|ref|NC_008765.1|	100.0	19	0	0	58	76	34748	34766	6.0E-5	38.2
EOSBI6J01CGFEH	gi|121582466|ref|NC_008765.1|	100.0	20	0	0	116	135	47444	47463	1.0E-5	40.1
EOSBI6J02F3FJO	gi|121582466|ref|NC_008765.1|	100.0	252	0	0	1	252	11609	11358	5.0E-144	500.0
EOSBI6J01BNMUF	gi|121582466|ref|NC_008765.1|	100.0	20	0	0	14	33	35288	35269	2.0E-5	40.1
EOSBI6J01C80JT	gi|121582466|ref|NC_008765.1|	95.65	23	1	0	133	155	41722	41700	6.0E-5	38.2
EOSBI6J02HX6N0	gi|121582466|ref|NC_008765.1|	100.0	227	0	0	1	227	56854	57080	4.0E-129	450.0
EOSBI6J01AESXG	gi|121582466|ref|NC_008765.1|	100.0	21	0	0	222	242	40692	40672	4.0E-6	42.1
EOSBI6J01DD2WW	gi|121582466|ref|NC_008765.1|	100.0	19	0	0	234	252	40661	40679	6.0E-5	38.2
EOSBI6J02GLP30	gi|121582466|ref|NC_008765.1|	100.0	136	0	0	121	256	13558	13423	9.0E-75	270.0
EOSBI6J02JPJI0	gi|121582466|ref|NC_008765.1|	100.0	227	0	0	1	227	58693	58467	4.0E-129	450.0
EOSBI6J01E28LL	gi|121582466|ref|NC_008765.1|	100.0	19	0	0	162	180	11409	11427	5.0E-5	38.2
EOSBI6J01D7X5F	gi|121582466|ref|NC_008765.1|	100.0	19	0	0	68	86	57499	57481	6.0E-5	38.2
EOSBI6J01BIJZF	gi|121582466|ref|NC_008765.1|	100.0	19	0	0	27	45	37074	37092	5.0E-5	38.2
EOSBI6J01AQ59W	gi|121582466|ref|NC_008765.1|	100.0	224	0	0	1	224	57612	57389	2.0E-127	444.0
EOSBI6J01BA0WD	gi|121582466|ref|NC_008765.1|	95.65	23	1	0	225	247	45539	45517	6.0E-5	38.2
EOSBI6J02HYV5Z	gi|121582466|ref|NC_008765.1|	100.0	19	0	0	18	36	64067	64085	5.0E-5	38.2
EOSBI6J01EBFAE	gi|121582466|ref|NC_008765.1|	100.0	19	0	0	69	87	53652	53670	6.0E-5	38.2
EOSBI6J02GYROK	gi|121582466|ref|NC_008765.1|	95.83	24	1	0	29	52	26357	26380	1.0E-5	40.1
EOSBI6J02IO6KD	gi|121582466|ref|NC_008765.1|	100.0	19	0	0	223	241	26522	26540	6.0E-5	38.2
EOSBI6J01EKJXG	gi|121582466|ref|NC_008765.1|	100.0	19	0	0	200	218	14195	14177	5.0E-5	38.2
EOSBI6J01C9JNI	gi|121582466|ref|NC_008765.1|	100.0	249	0	0	1	249	59779	59531	3.0E-142	494.0
EOSBI6J01A83IV	gi|121582466|ref|NC_008765.1|	95.65	23	1	0	48	70	21800	21778	6.0E-5	38.2
EOSBI6J02F8CCW	gi|121582466|ref|NC_008765.1|	89.71	68	7	0	38	105	42221	42154	2.0E-17	79.8
EOSBI6J02GXJNE	gi|121582466|ref|NC_008765.1|	100.0	19	0	0	38	56	67502	67520	6.0E-5	38.2
EOSBI6J02JUXIP	gi|121582466|ref|NC_008765.1|	100.0	19	0	0	25	43	46432	46414	6.0E-5	38.2
EOSBI6J02G9EVR	gi|121582466|ref|NC_008765.1|	100.0	20	0	0	190	209	17800	17781	1.0E-5	40.1
EOSBI6J02HLICP	gi|121582466|ref|NC_008765.1|	100.0	20	0	0	76	95	53244	53225	1.0E-5	40.1
EOSBI6J01D8MOQ	gi|121582466|ref|NC_008765.1|	95.65	23	1	0	102	124	4378	4356	6.0E-5	38.2
EOSBI6J02JFV59	gi|121582466|ref|NC_008765.1|	100.0	19	0	0	183	201	55022	55040	5.0E-5	38.2
EOSBI6J02F0F9B	gi|121582466|ref|NC_008765.1|	95.65	23	1	0	133	155	41722	41700	6.0E-5	38.2
EOSBI6J01DBT1L	gi|121582466|ref|NC_008765.1|	91.3	46	4	0	188	233	18131	18176	2.0E-11	60.0
EOSBI6J01BZ5Y1	gi|121582466|ref|NC_008765.1|	100.0	19	0	0	201	219	44905	44887	5.0E-5	38.2
EOSBI6J01AYO4J	gi|121582466|ref|NC_008765.1|	100.0	242	0	0	1	242	59032	59273	5.0E-138	480.0
EOSBI6J01D2YC6	gi|121582466|ref|NC_008765.1|	82.93	82	14	0	3	84	57965	57884	1.0E-9	52.0
EOSBI6J02GSJFI	gi|121582466|ref|NC_008765.1|	96.15	26	1	0	135	160	27709	27684	1.0E-6	44.1
EOSBI6J02H807P	gi|121582466|ref|NC_008765.1|	95.65	23	1	0	25	47	17079	17101	5.0E-5	38.2
EOSBI6J01DBP5Y	gi|121582466|ref|NC_008765.1|	95.65	23	1	0	2	24	68902	68924	6.0E-5	38.2
EOSBI6J02HG3KQ	gi|121582466|ref|NC_008765.1|	100.0	20	0	0	231	250	27561	27542	2.0E-5	40.1
EOSBI6J02IYFSA	gi|121582466|ref|NC_008765.1|	100.0	19	0	0	204	222	37663	37681	6.0E-5	38.2
EOSBI6J02G27QV	gi|121582466|ref|NC_008765.1|	92.59	27	2	0	146	172	8570	8596	6.0E-5	38.2
EOSBI6J01B7U5H	gi|121582466|ref|NC_008765.1|	100.0	20	0	0	112	131	65851	65832	1.0E-5	40.1
EOSBI6J01DZ1LP	gi|121582466|ref|NC_008765.1|	92.59	27	2	0	127	153	17452	17426	5.0E-5	38.2
EOSBI6J01EDONB	gi|121582466|ref|NC_008765.1|	100.0	202	0	0	1	202	59247	59046	3.0E-114	400.0
EOSBI6J02H051A	gi|121582466|ref|NC_008765.1|	100.0	20	0	0	191	210	16770	16789	1.0E-5	40.1
EOSBI6J02HFSG2	gi|121582466|ref|NC_008765.1|	95.65	23	1	0	207	229	9313	9291	6.0E-5	38.2
EOSBI6J01D9VUC	gi|121582466|ref|NC_008765.1|	95.83	24	1	0	187	210	12074	12051	1.0E-5	40.1
EOSBI6J01DQWX0	gi|121582466|ref|NC_008765.1|	95.83	24	1	0	24	47	3283	3306	1.0E-5	40.1
EOSBI6J01BOKQ0	gi|121582466|ref|NC_008765.1|	100.0	20	0	0	158	177	60865	60884	1.0E-5	40.1
EOSBI6J02HQ3FF	gi|121582466|ref|NC_008765.1|	100.0	19	0	0	8	26	6111	6129	5.0E-5	38.2
EOSBI6J01DIXXV	gi|121582466|ref|NC_008765.1|	100.0	231	0	0	1	231	57327	57097	2.0E-131	458.0
EOSBI6J02INDQY	gi|121582466|ref|NC_008765.1|	100.0	19	0	0	58	76	48923	48905	6.0E-5	38.2
EOSBI6J01BSKHD	gi|121582466|ref|NC_008765.1|	100.0	245	0	0	1	245	58086	57842	8.0E-140	486.0
EOSBI6J01DQD84	gi|121582466|ref|NC_008765.1|	99.61	254	1	0	1	254	59834	59581	2.0E-143	498.0
EOSBI6J02GGMU2	gi|121582466|ref|NC_008765.1|	100.0	19	0	0	59	77	20767	20785	6.0E-5	38.2
EOSBI6J02FVLFC	gi|121582466|ref|NC_008765.1|	100.0	19	0	0	181	199	65846	65828	5.0E-5	38.2
EOSBI6J02JI22W	gi|121582466|ref|NC_008765.1|	100.0	249	0	0	1	249	59082	58834	3.0E-142	494.0
EOSBI6J02FZQBC	gi|121582466|ref|NC_008765.1|	100.0	19	0	0	226	244	69558	69576	6.0E-5	38.2
EOSBI6J01EBAN8	gi|121582466|ref|NC_008765.1|	100.0	19	0	0	105	123	37432	37414	6.0E-5	38.2
EOSBI6J01C6TD4	gi|121582466|ref|NC_008765.1|	100.0	20	0	0	142	161	47554	47573	1.0E-5	40.1
EOSBI6J02GMFW3	gi|121582466|ref|NC_008765.1|	100.0	237	0	0	1	237	57667	57431	4.0E-135	470.0
EOSBI6J02FXQP2	gi|121582466|ref|NC_008765.1|	88.57	35	4	0	147	181	35469	35435	6.0E-5	38.2
EOSBI6J02G3BO1	gi|121582466|ref|NC_008765.1|	100.0	19	0	0	100	118	30259	30241	6.0E-5	38.2
EOSBI6J01A9H4B	gi|121582466|ref|NC_008765.1|	100.0	218	0	0	1	218	56873	56656	9.0E-124	432.0
EOSBI6J02F7AFC	gi|121582466|ref|NC_008765.1|	95.83	24	1	0	187	210	21026	21003	1.0E-5	40.1
EOSBI6J01CA980	gi|121582466|ref|NC_008765.1|	100.0	19	0	0	127	145	46418	46436	6.0E-5	38.2
EOSBI6J01ELZES	gi|121582466|ref|NC_008765.1|	100.0	19	0	0	176	194	37207	37189	6.0E-5	38.2
EOSBI6J02FSD6O	gi|121582466|ref|NC_008765.1|	95.65	23	1	0	108	130	39242	39264	6.0E-5	38.2
EOSBI6J01D0SO2	gi|121582466|ref|NC_008765.1|	100.0	20	0	0	108	127	48096	48077	1.0E-5	40.1
EOSBI6J01EGH9V	gi|121582466|ref|NC_008765.1|	89.71	68	7	0	38	105	42221	42154	2.0E-17	79.8
EOSBI6J02GK1B2	gi|121582466|ref|NC_008765.1|	95.65	23	1	0	118	140	44700	44722	5.0E-5	38.2
EOSBI6J02JF9S6	gi|121582466|ref|NC_008765.1|	100.0	19	0	0	229	247	40136	40118	6.0E-5	38.2
EOSBI6J02HJO05	gi|121582466|ref|NC_008765.1|	96.0	25	1	0	50	74	63251	63275	3.0E-6	42.1
EOSBI6J02GVPTR	gi|121582466|ref|NC_008765.1|	100.0	19	0	0	158	176	4742	4724	6.0E-5	38.2
EOSBI6J02IUA3D	gi|121582466|ref|NC_008765.1|	96.0	25	1	0	197	221	64261	64285	4.0E-6	42.1
EOSBI6J01CJDA2	gi|121582466|ref|NC_008765.1|	99.59	245	0	1	1	244	59104	58860	4.0E-135	470.0
EOSBI6J01DIBP5	gi|121582466|ref|NC_008765.1|	100.0	19	0	0	145	163	37201	37183	6.0E-5	38.2
EOSBI6J02FOHL5	gi|121582466|ref|NC_008765.1|	100.0	19	0	0	100	118	8127	8109	5.0E-5	38.2
EOSBI6J02GGDHK	gi|121582466|ref|NC_008765.1|	100.0	19	0	0	271	289	10281	10299	7.0E-5	38.2
EOSBI6J02IOCKN	gi|121582466|ref|NC_008765.1|	100.0	19	0	0	86	104	23615	23597	6.0E-5	38.2
EOSBI6J01EK5Q5	gi|121582466|ref|NC_008765.1|	100.0	21	0	0	124	144	37516	37496	4.0E-6	42.1
EOSBI6J02G5KDZ	gi|121582466|ref|NC_008765.1|	100.0	24	0	0	201	224	53009	52986	6.0E-8	48.1
EOSBI6J01DRB4W	gi|121582466|ref|NC_008765.1|	100.0	31	0	0	9	39	40255	40225	4.0E-12	61.9
EOSBI6J01C3VNA	gi|121582466|ref|NC_008765.1|	100.0	19	0	0	203	221	6836	6818	6.0E-5	38.2
EOSBI6J01DMAEU	gi|121582466|ref|NC_008765.1|	100.0	229	0	0	1	229	57395	57167	2.0E-130	454.0
EOSBI6J01BC0WW	gi|121582466|ref|NC_008765.1|	89.58	48	5	0	98	145	35333	35286	2.0E-10	56.0
EOSBI6J01EV7DZ	gi|121582466|ref|NC_008765.1|	100.0	20	0	0	245	264	62093	62074	2.0E-5	40.1
EOSBI6J02IAZRG	gi|121582466|ref|NC_008765.1|	100.0	19	0	0	40	58	38422	38404	6.0E-5	38.2
EOSBI6J01CUEYY	gi|121582466|ref|NC_008765.1|	88.89	90	10	0	123	212	58102	58191	2.0E-23	99.6
EOSBI6J01DNZTX	gi|121582466|ref|NC_008765.1|	100.0	19	0	0	81	99	65847	65829	6.0E-5	38.2
EOSBI6J01A01SC	gi|121582466|ref|NC_008765.1|	100.0	21	0	0	57	77	54460	54440	3.0E-6	42.1
EOSBI6J01DASUV	gi|121582466|ref|NC_008765.1|	100.0	20	0	0	184	203	36896	36915	2.0E-5	40.1
EOSBI6J01CZ52O	gi|121582466|ref|NC_008765.1|	100.0	19	0	0	49	67	70906	70924	5.0E-5	38.2
EOSBI6J01C9ZFS	gi|121582466|ref|NC_008765.1|	100.0	21	0	0	85	105	39221	39241	3.0E-6	42.1
EOSBI6J01BRFLY	gi|121582466|ref|NC_008765.1|	100.0	238	0	0	1	238	59061	59298	1.0E-135	472.0
EOSBI6J02GWV7A	gi|121582466|ref|NC_008765.1|	100.0	19	0	0	245	263	20808	20790	6.0E-5	38.2
EOSBI6J01B3ACX	gi|121582466|ref|NC_008765.1|	100.0	19	0	0	160	178	55400	55418	6.0E-5	38.2
EOSBI6J01C582M	gi|121582466|ref|NC_008765.1|	100.0	20	0	0	119	138	7673	7692	1.0E-5	40.1
EOSBI6J02IFKHA	gi|121582466|ref|NC_008765.1|	95.83	24	1	0	101	124	694	717	1.0E-5	40.1
EOSBI6J02JK3O5	gi|121582466|ref|NC_008765.1|	100.0	20	0	0	138	157	69795	69814	1.0E-5	40.1
EOSBI6J01DI6RP	gi|121582466|ref|NC_008765.1|	95.65	23	1	0	119	141	21612	21634	6.0E-5	38.2
EOSBI6J02GP93I	gi|121582466|ref|NC_008765.1|	92.86	28	2	0	150	177	6443	6416	1.0E-5	40.1
EOSBI6J01DRHPN	gi|121582466|ref|NC_008765.1|	100.0	19	0	0	59	77	20767	20785	6.0E-5	38.2
EOSBI6J01CLVRW	gi|121582466|ref|NC_008765.1|	100.0	19	0	0	15	33	59420	59438	5.0E-5	38.2
EOSBI6J01C3WCF	gi|121582466|ref|NC_008765.1|	100.0	20	0	0	219	238	18854	18835	1.0E-5	40.1
EOSBI6J01EI0ML	gi|121582466|ref|NC_008765.1|	100.0	19	0	0	138	156	37109	37091	6.0E-5	38.2
EOSBI6J02IVAEJ	gi|121582466|ref|NC_008765.1|	95.65	23	1	0	171	193	46422	46400	6.0E-5	38.2
EOSBI6J01A8CPB	gi|121582466|ref|NC_008765.1|	100.0	19	0	0	163	181	53666	53684	5.0E-5	38.2
EOSBI6J01B4TTL	gi|121582466|ref|NC_008765.1|	100.0	19	0	0	113	131	52959	52977	5.0E-5	38.2
EOSBI6J02HDK36	gi|121582466|ref|NC_008765.1|	95.83	24	1	0	134	157	37505	37482	1.0E-5	40.1
EOSBI6J01ET4D9	gi|121582466|ref|NC_008765.1|	100.0	19	0	0	58	76	48923	48905	6.0E-5	38.2
EOSBI6J02HYVOD	gi|121582466|ref|NC_008765.1|	100.0	21	0	0	57	77	64712	64732	4.0E-6	42.1
EOSBI6J02I68IG	gi|121582466|ref|NC_008765.1|	99.58	240	0	1	1	240	58184	58422	4.0E-132	460.0
EOSBI6J01C0ZE2	gi|121582466|ref|NC_008765.1|	100.0	19	0	0	114	132	30241	30259	5.0E-5	38.2
EOSBI6J01CQG5D	gi|121582466|ref|NC_008765.1|	100.0	146	0	0	133	278	56652	56797	1.0E-80	289.0
EOSBI6J01AU9UU	gi|121582466|ref|NC_008765.1|	99.58	240	1	0	1	240	58788	59027	2.0E-134	468.0
EOSBI6J01BN42N	gi|121582466|ref|NC_008765.1|	100.0	19	0	0	196	214	51843	51861	6.0E-5	38.2
EOSBI6J01A5I41	gi|121582466|ref|NC_008765.1|	100.0	19	0	0	55	73	21505	21487	5.0E-5	38.2
EOSBI6J02INF6W	gi|121582466|ref|NC_008765.1|	100.0	19	0	0	55	73	51616	51598	5.0E-5	38.2
EOSBI6J02FP6SU	gi|121582466|ref|NC_008765.1|	100.0	195	0	0	59	253	57682	57876	5.0E-110	387.0
EOSBI6J02JKZLK	gi|121582466|ref|NC_008765.1|	85.29	68	10	0	5	72	58669	58736	2.0E-10	56.0
EOSBI6J01BDOE8	gi|121582466|ref|NC_008765.1|	100.0	19	0	0	112	130	56178	56196	5.0E-5	38.2
EOSBI6J01DQKJK	gi|121582466|ref|NC_008765.1|	100.0	19	0	0	183	201	7194	7212	5.0E-5	38.2
EOSBI6J02I1WKF	gi|121582466|ref|NC_008765.1|	100.0	19	0	0	128	146	37403	37385	5.0E-5	38.2
EOSBI6J01AOLWI	gi|121582466|ref|NC_008765.1|	100.0	230	0	0	1	230	57418	57189	6.0E-131	456.0
EOSBI6J02GXGUR	gi|121582466|ref|NC_008765.1|	95.65	23	1	0	118	140	26885	26863	5.0E-5	38.2
EOSBI6J01DTFZ5	gi|121582466|ref|NC_008765.1|	100.0	19	0	0	62	80	47586	47604	6.0E-5	38.2
EOSBI6J01ELS9W	gi|121582466|ref|NC_008765.1|	100.0	19	0	0	168	186	58584	58602	6.0E-5	38.2
EOSBI6J02G5KCC	gi|121582466|ref|NC_008765.1|	95.83	24	1	0	56	79	45259	45236	1.0E-5	40.1
EOSBI6J02GXJIJ	gi|121582466|ref|NC_008765.1|	95.65	23	1	0	70	92	39221	39243	5.0E-5	38.2
EOSBI6J02HC51N	gi|121582466|ref|NC_008765.1|	99.21	254	0	2	2	255	56709	56960	1.0E-135	472.0
EOSBI6J02JNX7A	gi|121582466|ref|NC_008765.1|	100.0	21	0	0	118	138	48984	48964	4.0E-6	42.1
EOSBI6J02H50SE	gi|121582466|ref|NC_008765.1|	100.0	19	0	0	19	37	12464	12482	6.0E-5	38.2
EOSBI6J01DXB13	gi|121582466|ref|NC_008765.1|	100.0	150	0	0	1	150	59104	58955	4.0E-83	297.0
EOSBI6J01EHL79	gi|121582466|ref|NC_008765.1|	100.0	19	0	0	135	153	14673	14655	6.0E-5	38.2
EOSBI6J02G338J	gi|121582466|ref|NC_008765.1|	95.83	24	1	0	100	123	39241	39218	1.0E-5	40.1
EOSBI6J01B6R5M	gi|121582466|ref|NC_008765.1|	95.65	23	1	0	34	56	16535	16513	5.0E-5	38.2
EOSBI6J01B8VXH	gi|121582466|ref|NC_008765.1|	100.0	31	0	0	1	31	57218	57248	4.0E-12	61.9
EOSBI6J01A7HL9	gi|121582466|ref|NC_008765.1|	100.0	19	0	0	99	117	1313	1295	5.0E-5	38.2
EOSBI6J02G33PP	gi|121582466|ref|NC_008765.1|	100.0	20	0	0	27	46	52412	52393	1.0E-5	40.1
EOSBI6J01EGYQJ	gi|121582466|ref|NC_008765.1|	95.65	23	1	0	48	70	21800	21778	6.0E-5	38.2
EOSBI6J02GS2BM	gi|121582466|ref|NC_008765.1|	92.11	38	3	0	2	39	35476	35439	4.0E-9	52.0
EOSBI6J02H177I	gi|121582466|ref|NC_008765.1|	100.0	23	0	0	138	160	37208	37186	2.0E-7	46.1
EOSBI6J01A69HW	gi|121582466|ref|NC_008765.1|	100.0	148	0	0	108	255	59856	59709	6.0E-82	293.0
EOSBI6J02JRLPK	gi|121582466|ref|NC_008765.1|	100.0	19	0	0	83	101	11880	11862	6.0E-5	38.2
EOSBI6J01DU6L8	gi|121582466|ref|NC_008765.1|	95.65	23	1	0	34	56	16535	16513	5.0E-5	38.2
EOSBI6J02FMNWU	gi|121582466|ref|NC_008765.1|	99.62	262	1	0	1	262	19891	20152	4.0E-148	513.0
EOSBI6J02GDN9U	gi|121582466|ref|NC_008765.1|	100.0	19	0	0	97	115	39205	39187	5.0E-5	38.2
EOSBI6J01C27KQ	gi|121582466|ref|NC_008765.1|	100.0	19	0	0	138	156	39239	39221	5.0E-5	38.2
EOSBI6J01DBU40	gi|121582466|ref|NC_008765.1|	100.0	222	0	0	1	222	58810	58589	4.0E-126	440.0
EOSBI6J02JOG7J	gi|121582466|ref|NC_008765.1|	100.0	19	0	0	71	89	19638	19620	6.0E-5	38.2
EOSBI6J02HO9N7	gi|121582466|ref|NC_008765.1|	100.0	72	0	0	1	72	57958	57887	1.0E-36	143.0
EOSBI6J01DA0UA	gi|121582466|ref|NC_008765.1|	95.65	23	1	0	197	219	58921	58943	5.0E-5	38.2
EOSBI6J02G39SZ	gi|121582466|ref|NC_008765.1|	100.0	19	0	0	103	121	26860	26878	5.0E-5	38.2
EOSBI6J02JTB7U	gi|121582466|ref|NC_008765.1|	95.65	23	1	0	179	201	45424	45446	6.0E-5	38.2
EOSBI6J01AE8OA	gi|121582466|ref|NC_008765.1|	95.83	24	1	0	177	200	40932	40909	1.0E-5	40.1
EOSBI6J01BYLSR	gi|121582466|ref|NC_008765.1|	100.0	19	0	0	221	239	72402	72420	6.0E-5	38.2
EOSBI6J01B6OPJ	gi|121582466|ref|NC_008765.1|	100.0	19	0	0	22	40	52394	52412	7.0E-5	38.2
EOSBI6J01C3DHR	gi|121582466|ref|NC_008765.1|	86.15	65	9	0	152	216	58949	58885	6.0E-11	58.0
EOSBI6J01BCAW2	gi|121582466|ref|NC_008765.1|	100.0	20	0	0	223	242	47575	47556	1.0E-5	40.1
EOSBI6J02HD9PY	gi|121582466|ref|NC_008765.1|	100.0	19	0	0	187	205	4308	4290	5.0E-5	38.2
EOSBI6J02HCXBV	gi|121582466|ref|NC_008765.1|	99.6	250	0	1	1	249	59427	59178	5.0E-138	480.0
EOSBI6J02H2Q10	gi|121582466|ref|NC_008765.1|	100.0	241	0	0	1	241	59628	59388	2.0E-137	478.0
EOSBI6J01D0ORT	gi|121582466|ref|NC_008765.1|	100.0	19	0	0	219	237	42567	42585	6.0E-5	38.2
EOSBI6J01AVYZS	gi|121582466|ref|NC_008765.1|	100.0	248	0	0	1	248	58138	57891	1.0E-141	492.0
EOSBI6J01BLAYT	gi|121582466|ref|NC_008765.1|	100.0	20	0	0	7	26	64959	64978	1.0E-5	40.1
EOSBI6J02H32SB	gi|121582466|ref|NC_008765.1|	100.0	20	0	0	9	28	20861	20880	1.0E-5	40.1
EOSBI6J02I9WO5	gi|121582466|ref|NC_008765.1|	100.0	20	0	0	202	221	26647	26666	1.0E-5	40.1
EOSBI6J02HGBUE	gi|121582466|ref|NC_008765.1|	100.0	20	0	0	205	224	53446	53427	1.0E-5	40.1
EOSBI6J01AJQKX	gi|121582466|ref|NC_008765.1|	100.0	19	0	0	225	243	37402	37384	5.0E-5	38.2
EOSBI6J02F9F8H	gi|121582466|ref|NC_008765.1|	100.0	20	0	0	10	29	42680	42699	1.0E-5	40.1
EOSBI6J01BBUDT	gi|121582466|ref|NC_008765.1|	100.0	19	0	0	212	230	44879	44897	5.0E-5	38.2
EOSBI6J02FT7ZU	gi|121582466|ref|NC_008765.1|	100.0	20	0	0	3	22	53017	52998	1.0E-5	40.1
EOSBI6J02F8ZU8	gi|121582466|ref|NC_008765.1|	100.0	19	0	0	223	241	27344	27326	6.0E-5	38.2
EOSBI6J01BJVWG	gi|121582466|ref|NC_008765.1|	95.83	24	1	0	42	65	45550	45527	1.0E-5	40.1
EOSBI6J01EHAHM	gi|121582466|ref|NC_008765.1|	100.0	20	0	0	183	202	5471	5490	1.0E-5	40.1
EOSBI6J02F74XX	gi|121582466|ref|NC_008765.1|	100.0	229	0	0	1	229	58603	58375	2.0E-130	454.0
EOSBI6J01E2AHZ	gi|121582466|ref|NC_008765.1|	89.55	67	7	0	160	226	42154	42220	6.0E-17	77.8
EOSBI6J02IS887	gi|121582466|ref|NC_008765.1|	100.0	19	0	0	143	161	13862	13880	6.0E-5	38.2
EOSBI6J02I56D5	gi|121582466|ref|NC_008765.1|	95.65	23	1	0	125	147	20813	20791	5.0E-5	38.2
EOSBI6J02IN4PC	gi|121582466|ref|NC_008765.1|	100.0	19	0	0	194	212	3984	3966	6.0E-5	38.2
EOSBI6J02JF2UR	gi|121582466|ref|NC_008765.1|	99.58	240	0	1	1	240	58976	59214	4.0E-132	460.0
EOSBI6J01DF7K6	gi|121582466|ref|NC_008765.1|	100.0	20	0	0	95	114	41310	41291	1.0E-5	40.1
EOSBI6J02FTKHT	gi|121582466|ref|NC_008765.1|	100.0	19	0	0	226	244	37402	37384	6.0E-5	38.2
EOSBI6J02I3J07	gi|121582466|ref|NC_008765.1|	92.15	242	19	0	1	242	22940	22699	1.0E-92	329.0
EOSBI6J01B07LP	gi|121582466|ref|NC_008765.1|	100.0	19	0	0	25	43	35459	35477	5.0E-5	38.2
EOSBI6J02GUK5D	gi|121582466|ref|NC_008765.1|	100.0	19	0	0	141	159	23155	23137	6.0E-5	38.2
EOSBI6J01CQ1F9	gi|121582466|ref|NC_008765.1|	98.65	223	3	0	1	223	57691	57469	1.0E-119	418.0
EOSBI6J01CYRIL	gi|121582466|ref|NC_008765.1|	100.0	176	0	0	1	176	59726	59551	8.0E-99	349.0
EOSBI6J02F8N56	gi|121582466|ref|NC_008765.1|	100.0	21	0	0	235	255	49074	49054	4.0E-6	42.1
EOSBI6J01BPQFW	gi|121582466|ref|NC_008765.1|	100.0	21	0	0	235	255	49074	49054	4.0E-6	42.1
EOSBI6J02HC0TI	gi|121582466|ref|NC_008765.1|	100.0	20	0	0	171	190	71680	71699	1.0E-5	40.1
EOSBI6J02GX01X	gi|121582466|ref|NC_008765.1|	100.0	19	0	0	189	207	40461	40443	6.0E-5	38.2
EOSBI6J02G045B	gi|121582466|ref|NC_008765.1|	100.0	18	0	0	73	90	8406	8389	1.0E-4	36.2
EOSBI6J01B3A8U	gi|121582466|ref|NC_008765.1|	100.0	19	0	0	54	72	37673	37691	6.0E-5	38.2
EOSBI6J01CL8FH	gi|121582466|ref|NC_008765.1|	92.59	27	2	0	132	158	8032	8058	6.0E-5	38.2
EOSBI6J02GP4NL	gi|121582466|ref|NC_008765.1|	95.65	23	1	0	227	249	13570	13548	6.0E-5	38.2
EOSBI6J02FXPAM	gi|121582466|ref|NC_008765.1|	100.0	217	0	0	1	217	58570	58786	3.0E-123	430.0
EOSBI6J02FN3AX	gi|121582466|ref|NC_008765.1|	95.9	268	11	0	1	268	38350	38083	3.0E-127	444.0
EOSBI6J01AZ2PR	gi|121582466|ref|NC_008765.1|	95.65	23	1	0	118	140	19045	19067	6.0E-5	38.2
EOSBI6J01DO9TX	gi|121582466|ref|NC_008765.1|	100.0	19	0	0	113	131	8427	8409	6.0E-5	38.2
EOSBI6J02JNQPG	gi|121582466|ref|NC_008765.1|	100.0	19	0	0	59	77	20767	20785	6.0E-5	38.2
EOSBI6J01DZVRA	gi|121582466|ref|NC_008765.1|	100.0	19	0	0	172	190	22113	22131	6.0E-5	38.2
EOSBI6J02GIZY0	gi|121582466|ref|NC_008765.1|	100.0	19	0	0	96	114	46419	46437	6.0E-5	38.2
EOSBI6J01B8SNJ	gi|121582466|ref|NC_008765.1|	100.0	19	0	0	106	124	54282	54264	6.0E-5	38.2
EOSBI6J01BV43P	gi|121582466|ref|NC_008765.1|	100.0	19	0	0	143	161	48985	48967	5.0E-5	38.2
EOSBI6J01EJ61C	gi|121582466|ref|NC_008765.1|	100.0	229	0	0	1	229	59064	59292	3.0E-130	454.0
EOSBI6J01D9FVX	gi|121582466|ref|NC_008765.1|	100.0	19	0	0	57	75	51079	51097	6.0E-5	38.2
EOSBI6J01CA260	gi|121582466|ref|NC_008765.1|	100.0	19	0	0	4	22	11051	11069	5.0E-5	38.2
EOSBI6J02G44R2	gi|121582466|ref|NC_008765.1|	100.0	19	0	0	1	19	41395	41377	6.0E-5	38.2
EOSBI6J01C2TVX	gi|121582466|ref|NC_008765.1|	100.0	19	0	0	141	159	36323	36305	5.0E-5	38.2
EOSBI6J01ESZ37	gi|121582466|ref|NC_008765.1|	99.6	252	0	1	10	261	59855	59605	3.0E-139	484.0
EOSBI6J01EQRS5	gi|121582466|ref|NC_008765.1|	93.1	29	2	0	135	163	39140	39112	3.0E-6	42.1
EOSBI6J01BWEZP	gi|121582466|ref|NC_008765.1|	100.0	19	0	0	151	169	49049	49067	6.0E-5	38.2
EOSBI6J02IN56Y	gi|121582466|ref|NC_008765.1|	100.0	224	0	0	1	224	59075	59298	2.0E-127	444.0
EOSBI6J01EXGSH	gi|121582466|ref|NC_008765.1|	95.65	23	1	0	2	24	6471	6449	6.0E-5	38.2
EOSBI6J01EBIL3	gi|121582466|ref|NC_008765.1|	92.59	27	2	0	9	35	4716	4690	6.0E-5	38.2
EOSBI6J02GAYA7	gi|121582466|ref|NC_008765.1|	100.0	233	0	0	1	233	57465	57697	1.0E-132	462.0
EOSBI6J01COM7C	gi|121582466|ref|NC_008765.1|	100.0	19	0	0	110	128	23485	23467	5.0E-5	38.2
EOSBI6J01CQ91M	gi|121582466|ref|NC_008765.1|	92.59	27	2	0	19	45	17452	17426	6.0E-5	38.2
EOSBI6J01C7AO4	gi|121582466|ref|NC_008765.1|	100.0	19	0	0	69	87	48661	48643	5.0E-5	38.2
EOSBI6J01A62IR	gi|121582466|ref|NC_008765.1|	100.0	19	0	0	193	211	51279	51261	6.0E-5	38.2
EOSBI6J01AGJ2F	gi|121582466|ref|NC_008765.1|	92.31	65	5	0	196	260	56652	56716	2.0E-20	89.7
EOSBI6J01B5G93	gi|121582466|ref|NC_008765.1|	100.0	19	0	0	161	179	4305	4287	6.0E-5	38.2
EOSBI6J02H4E1Y	gi|121582466|ref|NC_008765.1|	100.0	19	0	0	6	24	27356	27338	5.0E-5	38.2
EOSBI6J02IASVC	gi|121582466|ref|NC_008765.1|	95.65	23	1	0	169	191	38227	38205	5.0E-5	38.2
EOSBI6J02ID672	gi|121582466|ref|NC_008765.1|	95.65	23	1	0	112	134	26953	26931	3.0E-5	38.2
EOSBI6J02GT30I	gi|121582466|ref|NC_008765.1|	95.65	23	1	0	57	79	40932	40910	5.0E-5	38.2
EOSBI6J01AFNYF	gi|121582466|ref|NC_008765.1|	100.0	226	0	0	1	226	57002	57227	2.0E-128	448.0
EOSBI6J01DSBT3	gi|121582466|ref|NC_008765.1|	100.0	247	0	0	1	247	59573	59819	5.0E-141	490.0
EOSBI6J01E0MPW	gi|121582466|ref|NC_008765.1|	95.65	23	1	0	102	124	52307	52285	6.0E-5	38.2
EOSBI6J02HQD4B	gi|121582466|ref|NC_008765.1|	95.65	23	1	0	44	66	35649	35671	6.0E-5	38.2
EOSBI6J01AULFL	gi|121582466|ref|NC_008765.1|	100.0	19	0	0	203	221	19271	19253	6.0E-5	38.2
EOSBI6J01B4ECL	gi|121582466|ref|NC_008765.1|	100.0	19	0	0	147	165	64075	64057	6.0E-5	38.2
EOSBI6J02GR4XP	gi|121582466|ref|NC_008765.1|	100.0	20	0	0	137	156	3984	3965	1.0E-5	40.1
EOSBI6J01BNDI7	gi|121582466|ref|NC_008765.1|	100.0	20	0	0	173	192	37817	37836	1.0E-5	40.1
EOSBI6J01DT4ZE	gi|121582466|ref|NC_008765.1|	92.59	27	2	0	137	163	68848	68822	5.0E-5	38.2
EOSBI6J02FUOQ5	gi|121582466|ref|NC_008765.1|	100.0	19	0	0	81	99	65847	65829	6.0E-5	38.2
EOSBI6J01DSAJU	gi|121582466|ref|NC_008765.1|	100.0	19	0	0	166	184	5477	5459	7.0E-5	38.2
EOSBI6J02HP70P	gi|121582466|ref|NC_008765.1|	100.0	235	0	0	1	235	57696	57462	7.0E-134	466.0
EOSBI6J01AFTTY	gi|121582466|ref|NC_008765.1|	95.65	23	1	0	48	70	70189	70167	5.0E-5	38.2
EOSBI6J01D6814	gi|121582466|ref|NC_008765.1|	95.83	24	1	0	98	121	14728	14751	1.0E-5	40.1
EOSBI6J02FORHJ	gi|121582466|ref|NC_008765.1|	100.0	19	0	0	183	201	58149	58167	6.0E-5	38.2
EOSBI6J01BI2PH	gi|121582466|ref|NC_008765.1|	100.0	19	0	0	192	210	44596	44614	5.0E-5	38.2
EOSBI6J02GTAIG	gi|121582466|ref|NC_008765.1|	100.0	19	0	0	118	136	34633	34615	6.0E-5	38.2
EOSBI6J02JVH36	gi|121582466|ref|NC_008765.1|	100.0	19	0	0	22	40	5050	5068	6.0E-5	38.2
EOSBI6J01DPHLI	gi|121582466|ref|NC_008765.1|	100.0	19	0	0	31	49	37140	37122	5.0E-5	38.2
EOSBI6J01E2DWU	gi|121582466|ref|NC_008765.1|	100.0	19	0	0	193	211	13570	13552	6.0E-5	38.2
EOSBI6J01BJLQZ	gi|121582466|ref|NC_008765.1|	100.0	219	0	0	1	219	57075	57293	2.0E-124	434.0
EOSBI6J01D2DQS	gi|121582466|ref|NC_008765.1|	95.65	23	1	0	143	165	49071	49049	6.0E-5	38.2
EOSBI6J02I0YM5	gi|121582466|ref|NC_008765.1|	100.0	23	0	0	210	232	11446	11468	2.0E-7	46.1
EOSBI6J01ASM16	gi|121582466|ref|NC_008765.1|	91.79	268	20	2	16	282	33361	33627	3.0E-96	341.0
EOSBI6J01D1INO	gi|121582466|ref|NC_008765.1|	100.0	20	0	0	46	65	42975	42956	1.0E-5	40.1
EOSBI6J02IJ8PH	gi|121582466|ref|NC_008765.1|	100.0	229	0	0	1	229	57305	57077	2.0E-130	454.0
EOSBI6J01AOZ3X	gi|121582466|ref|NC_008765.1|	99.5	200	1	0	1	200	58680	58879	1.0E-110	389.0
EOSBI6J02JFNAL	gi|121582466|ref|NC_008765.1|	86.36	44	6	0	14	57	6920	6877	1.0E-5	40.1
EOSBI6J02H7C99	gi|121582466|ref|NC_008765.1|	100.0	20	0	0	193	212	9373	9354	2.0E-5	40.1
EOSBI6J01BRTP0	gi|121582466|ref|NC_008765.1|	95.65	23	1	0	6	28	38099	38077	6.0E-5	38.2
EOSBI6J02GXD3X	gi|121582466|ref|NC_008765.1|	100.0	19	0	0	23	41	50095	50077	6.0E-5	38.2
EOSBI6J02G148O	gi|121582466|ref|NC_008765.1|	99.55	223	1	0	1	223	58596	58818	2.0E-124	434.0
EOSBI6J02GBXGT	gi|121582466|ref|NC_008765.1|	100.0	20	0	0	93	112	68491	68510	1.0E-5	40.1
EOSBI6J02G3M0P	gi|121582466|ref|NC_008765.1|	92.59	27	2	0	125	151	8596	8570	6.0E-5	38.2
EOSBI6J01CP4UT	gi|121582466|ref|NC_008765.1|	100.0	20	0	0	217	236	41480	41499	1.0E-5	40.1
EOSBI6J01CFAXT	gi|121582466|ref|NC_008765.1|	100.0	240	0	0	1	240	57425	57664	7.0E-137	476.0
EOSBI6J02JR4PU	gi|121582466|ref|NC_008765.1|	100.0	248	0	0	1	248	58987	58740	1.0E-141	492.0
EOSBI6J02H64UY	gi|121582466|ref|NC_008765.1|	100.0	20	0	0	173	192	67505	67524	1.0E-5	40.1
EOSBI6J02G4JVO	gi|121582466|ref|NC_008765.1|	100.0	21	0	0	31	51	14334	14314	4.0E-6	42.1
EOSBI6J01C6I21	gi|121582466|ref|NC_008765.1|	100.0	19	0	0	139	157	37386	37404	5.0E-5	38.2
EOSBI6J02I8EXT	gi|121582466|ref|NC_008765.1|	100.0	243	0	0	1	243	59383	59141	1.0E-138	482.0
EOSBI6J02JCXJJ	gi|121582466|ref|NC_008765.1|	100.0	19	0	0	9	27	15649	15631	5.0E-5	38.2
EOSBI6J02I28BC	gi|121582466|ref|NC_008765.1|	100.0	19	0	0	21	39	5050	5068	6.0E-5	38.2
EOSBI6J02I4T16	gi|121582466|ref|NC_008765.1|	100.0	20	0	0	214	233	16427	16446	1.0E-5	40.1
EOSBI6J02IIFJ8	gi|121582466|ref|NC_008765.1|	95.65	23	1	0	225	247	45539	45517	6.0E-5	38.2
EOSBI6J02HM806	gi|121582466|ref|NC_008765.1|	100.0	20	0	0	44	63	25475	25494	1.0E-5	40.1
EOSBI6J01BY10P	gi|121582466|ref|NC_008765.1|	100.0	19	0	0	180	198	21227	21209	5.0E-5	38.2
EOSBI6J02JT4Z7	gi|121582466|ref|NC_008765.1|	95.65	23	1	0	185	207	36983	36961	6.0E-5	38.2
EOSBI6J02GXAI5	gi|121582466|ref|NC_008765.1|	95.65	23	1	0	117	139	26885	26863	5.0E-5	38.2
EOSBI6J02GRNT1	gi|121582466|ref|NC_008765.1|	100.0	225	0	0	1	225	57034	57258	6.0E-128	446.0
EOSBI6J02GS6FS	gi|121582466|ref|NC_008765.1|	100.0	19	0	0	62	80	71241	71223	6.0E-5	38.2
EOSBI6J01AI43X	gi|121582466|ref|NC_008765.1|	100.0	19	0	0	14	32	56185	56167	5.0E-5	38.2
EOSBI6J02HDL8S	gi|121582466|ref|NC_008765.1|	100.0	223	0	0	1	223	58429	58651	9.0E-127	442.0
EOSBI6J01BGGR4	gi|121582466|ref|NC_008765.1|	100.0	227	0	0	1	227	58608	58382	4.0E-129	450.0
EOSBI6J02H7A6K	gi|121582466|ref|NC_008765.1|	100.0	20	0	0	173	192	67505	67524	1.0E-5	40.1
EOSBI6J01AS9FP	gi|121582466|ref|NC_008765.1|	100.0	19	0	0	40	58	45355	45337	6.0E-5	38.2
EOSBI6J01DO6KZ	gi|121582466|ref|NC_008765.1|	100.0	19	0	0	92	110	13553	13571	5.0E-5	38.2
EOSBI6J02IW083	gi|121582466|ref|NC_008765.1|	81.69	71	13	0	76	146	11648	11578	6.0E-5	38.2
EOSBI6J01EVZJB	gi|121582466|ref|NC_008765.1|	100.0	20	0	0	34	53	28118	28099	1.0E-5	40.1
EOSBI6J01BS5BF	gi|121582466|ref|NC_008765.1|	100.0	236	0	0	1	236	57744	57509	2.0E-134	468.0
EOSBI6J02H6CS2	gi|121582466|ref|NC_008765.1|	95.65	23	1	0	169	191	26942	26964	5.0E-5	38.2
EOSBI6J02H9TBJ	gi|121582466|ref|NC_008765.1|	99.53	211	0	1	1	211	58524	58733	7.0E-115	402.0
EOSBI6J01A99JK	gi|121582466|ref|NC_008765.1|	87.95	83	10	0	128	210	59540	59458	2.0E-19	85.7
EOSBI6J02FLWAC	gi|121582466|ref|NC_008765.1|	100.0	19	0	0	102	120	39236	39218	5.0E-5	38.2
EOSBI6J02JTA0V	gi|121582466|ref|NC_008765.1|	100.0	20	0	0	218	237	38365	38384	2.0E-5	40.1
EOSBI6J02FOSD6	gi|121582466|ref|NC_008765.1|	95.83	24	1	0	188	211	67693	67670	1.0E-5	40.1
EOSBI6J01AOQ2U	gi|121582466|ref|NC_008765.1|	95.65	23	1	0	147	169	4041	4063	6.0E-5	38.2
EOSBI6J01EFLIE	gi|121582466|ref|NC_008765.1|	100.0	19	0	0	185	203	31423	31441	7.0E-5	38.2
EOSBI6J02II0TN	gi|121582466|ref|NC_008765.1|	86.3	73	9	1	61	133	32212	32141	6.0E-11	58.0
EOSBI6J01DNABN	gi|121582466|ref|NC_008765.1|	95.65	23	1	0	9	31	18853	18875	6.0E-5	38.2
EOSBI6J01BQMUA	gi|121582466|ref|NC_008765.1|	100.0	19	0	0	65	83	68566	68584	6.0E-5	38.2
EOSBI6J01B0NUI	gi|121582466|ref|NC_008765.1|	80.56	108	21	0	7	114	22506	22613	6.0E-8	48.1
EOSBI6J01C9DTY	gi|121582466|ref|NC_008765.1|	100.0	21	0	0	227	247	64972	64952	4.0E-6	42.1
EOSBI6J02FNVGC	gi|121582466|ref|NC_008765.1|	92.86	28	2	0	4	31	37634	37607	1.0E-5	40.1
EOSBI6J02GJK2X	gi|121582466|ref|NC_008765.1|	99.58	239	1	0	1	239	59025	58787	7.0E-134	466.0
EOSBI6J02G5KCF	gi|121582466|ref|NC_008765.1|	95.83	24	1	0	56	79	45259	45236	1.0E-5	40.1
EOSBI6J01C3V2N	gi|121582466|ref|NC_008765.1|	100.0	19	0	0	45	63	31778	31760	5.0E-5	38.2
EOSBI6J01BXWJF	gi|121582466|ref|NC_008765.1|	100.0	19	0	0	16	34	47741	47759	5.0E-5	38.2
EOSBI6J01BA4S4	gi|121582466|ref|NC_008765.1|	100.0	19	0	0	170	188	54293	54311	5.0E-5	38.2
EOSBI6J02I9XJI	gi|121582466|ref|NC_008765.1|	100.0	20	0	0	168	187	64795	64814	1.0E-5	40.1
EOSBI6J01CX0V4	gi|121582466|ref|NC_008765.1|	100.0	19	0	0	24	42	23597	23615	6.0E-5	38.2
EOSBI6J02IEO3R	gi|121582466|ref|NC_008765.1|	95.65	23	1	0	254	276	28661	28683	6.0E-5	38.2
EOSBI6J01AMG66	gi|121582466|ref|NC_008765.1|	92.59	27	2	0	225	251	13371	13345	6.0E-5	38.2
EOSBI6J01ATY6G	gi|121582466|ref|NC_008765.1|	95.65	23	1	0	216	238	28687	28665	6.0E-5	38.2
EOSBI6J02FQTXL	gi|121582466|ref|NC_008765.1|	100.0	20	0	0	97	116	54702	54721	1.0E-5	40.1
EOSBI6J02I7BKT	gi|121582466|ref|NC_008765.1|	100.0	19	0	0	73	91	42062	42080	6.0E-5	38.2
EOSBI6J01EWW8Z	gi|121582466|ref|NC_008765.1|	97.63	253	6	0	1	253	37991	37739	3.0E-130	454.0
EOSBI6J02I6GWB	gi|121582466|ref|NC_008765.1|	100.0	19	0	0	145	163	34183	34165	5.0E-5	38.2
EOSBI6J01CLV6B	gi|121582466|ref|NC_008765.1|	100.0	19	0	0	125	143	67557	67539	6.0E-5	38.2
EOSBI6J01BW376	gi|121582466|ref|NC_008765.1|	100.0	22	0	0	4	25	37186	37207	8.0E-7	44.1
