queryId	targetId	percentIdentity	alignmentLength	mismatches	gapOpenings	queryStart	queryEnd	targetStart	targetEnd	eValue	bitScore
EOSBI6J01ACXJN	gi|121582553|ref|NC_008766.1|	100.0	19	0	0	152	170	42983	43001	4.0E-5	38.2
EOSBI6J01BE2FB	gi|121582553|ref|NC_008766.1|	85.11	47	7	0	133	179	21553	21599	5.0E-5	38.2
EOSBI6J02G58ED	gi|121582553|ref|NC_008766.1|	100.0	21	0	0	120	140	34502	34482	3.0E-6	42.1
EOSBI6J02IIQ0B	gi|121582553|ref|NC_008766.1|	100.0	19	0	0	77	95	19275	19293	5.0E-5	38.2
EOSBI6J02GUTC9	gi|121582553|ref|NC_008766.1|	100.0	21	0	0	210	230	1505	1485	3.0E-6	42.1
EOSBI6J01EEQX3	gi|121582553|ref|NC_008766.1|	92.31	26	2	0	7	32	15982	15957	9.0E-5	36.2
EOSBI6J01BJLDD	gi|121582553|ref|NC_008766.1|	95.83	24	1	0	70	93	51719	51742	1.0E-5	40.1
EOSBI6J01CDQ50	gi|121582553|ref|NC_008766.1|	89.36	47	5	0	2	48	40623	40577	8.0E-10	54.0
EOSBI6J02G3FIZ	gi|121582553|ref|NC_008766.1|	91.07	112	10	0	106	217	33137	33026	1.0E-36	143.0
EOSBI6J02HM649	gi|121582553|ref|NC_008766.1|	96.15	26	1	0	136	161	28154	28129	8.0E-7	44.1
EOSBI6J01B1FIC	gi|121582553|ref|NC_008766.1|	100.0	20	0	0	114	133	57355	57374	1.0E-5	40.1
EOSBI6J01DFOMK	gi|121582553|ref|NC_008766.1|	82.83	233	40	0	1	233	33251	33483	3.0E-37	145.0
EOSBI6J02F0GTE	gi|121582553|ref|NC_008766.1|	96.0	25	1	0	102	126	51677	51653	3.0E-6	42.1
EOSBI6J02HN6GU	gi|121582553|ref|NC_008766.1|	100.0	19	0	0	164	182	3838	3856	5.0E-5	38.2
EOSBI6J02INXHH	gi|121582553|ref|NC_008766.1|	100.0	21	0	0	37	57	11485	11465	3.0E-6	42.1
EOSBI6J01BT3PX	gi|121582553|ref|NC_008766.1|	89.58	48	5	0	1	48	40673	40720	2.0E-10	56.0
EOSBI6J01BAZMP	gi|121582553|ref|NC_008766.1|	100.0	140	0	0	1	140	38779	38918	3.0E-77	278.0
EOSBI6J01C7MJK	gi|121582553|ref|NC_008766.1|	100.0	19	0	0	99	117	56619	56601	5.0E-5	38.2
EOSBI6J02INEFV	gi|121582553|ref|NC_008766.1|	92.59	27	2	0	245	271	2561	2587	5.0E-5	38.2
EOSBI6J02G1GFR	gi|121582553|ref|NC_008766.1|	99.56	229	1	0	1	229	37691	37919	1.0E-128	448.0
EOSBI6J01D8CIW	gi|121582553|ref|NC_008766.1|	100.0	235	0	0	1	235	27820	27586	6.0E-134	466.0
EOSBI6J01AL9K4	gi|121582553|ref|NC_008766.1|	100.0	19	0	0	127	145	40401	40383	5.0E-5	38.2
EOSBI6J01AZ4A6	gi|121582553|ref|NC_008766.1|	100.0	24	0	0	110	133	12104	12081	5.0E-8	48.1
EOSBI6J01CVAFD	gi|121582553|ref|NC_008766.1|	100.0	19	0	0	212	230	48512	48530	5.0E-5	38.2
EOSBI6J02FZ4BL	gi|121582553|ref|NC_008766.1|	100.0	21	0	0	18	38	58957	58977	3.0E-6	42.1
EOSBI6J02G6HAH	gi|121582553|ref|NC_008766.1|	100.0	227	0	0	1	227	27334	27108	3.0E-129	450.0
EOSBI6J01AF3DH	gi|121582553|ref|NC_008766.1|	100.0	61	0	0	1	61	26684	26624	3.0E-30	121.0
EOSBI6J02IFVJT	gi|121582553|ref|NC_008766.1|	100.0	22	0	0	143	164	19208	19187	8.0E-7	44.1
EOSBI6J02HH0E7	gi|121582553|ref|NC_008766.1|	93.1	29	2	0	76	104	63507	63479	3.0E-6	42.1
EOSBI6J01D5ZY2	gi|121582553|ref|NC_008766.1|	100.0	227	0	0	1	227	26826	27052	3.0E-129	450.0
EOSBI6J02GZKMA	gi|121582553|ref|NC_008766.1|	100.0	20	0	0	113	132	4246	4265	1.0E-5	40.1
EOSBI6J02GQO4K	gi|121582553|ref|NC_008766.1|	100.0	249	0	0	1	249	37862	38110	3.0E-142	494.0
EOSBI6J01EK2PD	gi|121582553|ref|NC_008766.1|	100.0	21	0	0	8	28	39337	39357	3.0E-6	42.1
EOSBI6J01AR7JJ	gi|121582553|ref|NC_008766.1|	92.59	27	2	0	231	257	58459	58433	5.0E-5	38.2
EOSBI6J01AMTRF	gi|121582553|ref|NC_008766.1|	92.86	28	2	0	165	192	51750	51777	1.0E-5	40.1
EOSBI6J02IXAD9	gi|121582553|ref|NC_008766.1|	100.0	19	0	0	160	178	41004	41022	5.0E-5	38.2
EOSBI6J01DP1XG	gi|121582553|ref|NC_008766.1|	100.0	19	0	0	77	95	57362	57344	5.0E-5	38.2
EOSBI6J01B94EH	gi|121582553|ref|NC_008766.1|	96.15	26	1	0	55	80	18113	18138	8.0E-7	44.1
EOSBI6J02FYLFU	gi|121582553|ref|NC_008766.1|	100.0	21	0	0	180	200	17554	17534	3.0E-6	42.1
EOSBI6J01BVYW8	gi|121582553|ref|NC_008766.1|	100.0	19	0	0	72	90	46140	46122	5.0E-5	38.2
EOSBI6J01CO0GC	gi|121582553|ref|NC_008766.1|	95.83	24	1	0	72	95	50751	50728	1.0E-5	40.1
EOSBI6J01EWFWB	gi|121582553|ref|NC_008766.1|	86.53	245	32	1	2	245	32591	32835	1.0E-58	216.0
EOSBI6J01EXNU2	gi|121582553|ref|NC_008766.1|	85.9	78	11	0	134	211	51920	51997	5.0E-14	67.9
EOSBI6J02FQ2IL	gi|121582553|ref|NC_008766.1|	100.0	230	0	0	1	230	28501	28272	6.0E-131	456.0
EOSBI6J02HX2S3	gi|121582553|ref|NC_008766.1|	100.0	19	0	0	62	80	46097	46115	5.0E-5	38.2
EOSBI6J02IVAAV	gi|121582553|ref|NC_008766.1|	100.0	19	0	0	176	194	3820	3838	5.0E-5	38.2
EOSBI6J02GXOZ8	gi|121582553|ref|NC_008766.1|	100.0	227	0	0	1	227	27052	27278	3.0E-129	450.0
EOSBI6J01BTFEH	gi|121582553|ref|NC_008766.1|	92.86	28	2	0	205	232	48369	48342	1.0E-5	40.1
EOSBI6J02GLYP2	gi|121582553|ref|NC_008766.1|	100.0	20	0	0	17	36	25408	25389	1.0E-5	40.1
EOSBI6J01ESTSA	gi|121582553|ref|NC_008766.1|	100.0	20	0	0	135	154	43152	43133	1.0E-5	40.1
EOSBI6J01DIVG4	gi|121582553|ref|NC_008766.1|	100.0	234	0	0	1	234	27243	27476	2.0E-133	464.0
EOSBI6J01BOFRA	gi|121582553|ref|NC_008766.1|	100.0	20	0	0	123	142	42263	42282	1.0E-5	40.1
EOSBI6J01AFOXN	gi|121582553|ref|NC_008766.1|	100.0	19	0	0	249	267	50747	50729	6.0E-5	38.2
EOSBI6J02IP6BU	gi|121582553|ref|NC_008766.1|	95.83	24	1	0	147	170	52852	52829	1.0E-5	40.1
EOSBI6J01BKYRZ	gi|121582553|ref|NC_008766.1|	95.65	23	1	0	125	147	14817	14839	5.0E-5	38.2
EOSBI6J01DA0EW	gi|121582553|ref|NC_008766.1|	91.89	37	3	0	23	59	22293	22329	1.0E-8	50.1
EOSBI6J01BBPLO	gi|121582553|ref|NC_008766.1|	100.0	20	0	0	16	35	483	502	1.0E-5	40.1
EOSBI6J02ISWIF	gi|121582553|ref|NC_008766.1|	99.57	230	1	0	1	230	37672	37901	1.0E-128	448.0
EOSBI6J02GMSLJ	gi|121582553|ref|NC_008766.1|	100.0	19	0	0	79	97	53306	53324	5.0E-5	38.2
EOSBI6J01BUN6P	gi|121582553|ref|NC_008766.1|	95.65	23	1	0	236	258	17071	17093	5.0E-5	38.2
EOSBI6J02HC3ND	gi|121582553|ref|NC_008766.1|	99.6	250	0	1	1	249	38489	38240	4.0E-138	480.0
EOSBI6J02HHB37	gi|121582553|ref|NC_008766.1|	92.86	28	2	0	42	69	53637	53610	1.0E-5	40.1
EOSBI6J01DRO7A	gi|121582553|ref|NC_008766.1|	100.0	19	0	0	120	138	54031	54049	5.0E-5	38.2
EOSBI6J02GX0DU	gi|121582553|ref|NC_008766.1|	100.0	20	0	0	231	250	13476	13457	1.0E-5	40.1
EOSBI6J01EKHEL	gi|121582553|ref|NC_008766.1|	100.0	19	0	0	140	158	57634	57652	5.0E-5	38.2
EOSBI6J01ESXKK	gi|121582553|ref|NC_008766.1|	90.67	75	7	0	147	221	39118	39044	1.0E-21	93.7
EOSBI6J01EYYI1	gi|121582553|ref|NC_008766.1|	100.0	19	0	0	113	131	3812	3794	5.0E-5	38.2
EOSBI6J01CLINM	gi|121582553|ref|NC_008766.1|	100.0	34	0	0	1	34	45747	45714	6.0E-14	67.9
EOSBI6J02GVXHU	gi|121582553|ref|NC_008766.1|	100.0	250	0	0	1	250	38489	38240	7.0E-143	496.0
EOSBI6J01CRC9L	gi|121582553|ref|NC_008766.1|	100.0	19	0	0	86	104	63447	63429	4.0E-5	38.2
EOSBI6J02GDCHE	gi|121582553|ref|NC_008766.1|	100.0	21	0	0	151	171	18578	18558	3.0E-6	42.1
EOSBI6J02GVX6Z	gi|121582553|ref|NC_008766.1|	100.0	19	0	0	83	101	8251	8269	5.0E-5	38.2
EOSBI6J01B35N9	gi|121582553|ref|NC_008766.1|	100.0	19	0	0	103	121	1490	1508	5.0E-5	38.2
EOSBI6J02JPSIQ	gi|121582553|ref|NC_008766.1|	95.65	23	1	0	179	201	17773	17795	5.0E-5	38.2
EOSBI6J02IT4MQ	gi|121582553|ref|NC_008766.1|	100.0	19	0	0	13	31	24791	24773	5.0E-5	38.2
EOSBI6J01DDR1W	gi|121582553|ref|NC_008766.1|	100.0	19	0	0	107	125	55941	55923	5.0E-5	38.2
EOSBI6J02HIWJZ	gi|121582553|ref|NC_008766.1|	100.0	19	0	0	202	220	2233	2215	5.0E-5	38.2
EOSBI6J01CV80J	gi|121582553|ref|NC_008766.1|	100.0	19	0	0	59	77	20212	20194	3.0E-5	38.2
EOSBI6J02GRSMV	gi|121582553|ref|NC_008766.1|	100.0	241	0	0	1	241	28218	28458	2.0E-137	478.0
EOSBI6J01DF7XS	gi|121582553|ref|NC_008766.1|	100.0	19	0	0	144	162	15306	15288	5.0E-5	38.2
EOSBI6J01A6CUJ	gi|121582553|ref|NC_008766.1|	89.47	38	4	0	67	104	29326	29363	8.0E-7	44.1
EOSBI6J02GPBJU	gi|121582553|ref|NC_008766.1|	100.0	19	0	0	76	94	47738	47756	5.0E-5	38.2
EOSBI6J01C0D87	gi|121582553|ref|NC_008766.1|	100.0	19	0	0	191	209	12577	12595	5.0E-5	38.2
EOSBI6J02JM6T2	gi|121582553|ref|NC_008766.1|	100.0	19	0	0	218	236	16695	16677	5.0E-5	38.2
EOSBI6J01EKM8D	gi|121582553|ref|NC_008766.1|	96.82	220	7	0	1	220	47143	46924	3.0E-108	381.0
EOSBI6J01AXDS4	gi|121582553|ref|NC_008766.1|	90.32	31	3	0	161	191	31863	31833	5.0E-5	38.2
EOSBI6J01AZ7ZZ	gi|121582553|ref|NC_008766.1|	100.0	21	0	0	215	235	52547	52567	3.0E-6	42.1
EOSBI6J01A50SU	gi|121582553|ref|NC_008766.1|	100.0	19	0	0	149	167	390	372	5.0E-5	38.2
EOSBI6J02I8T0F	gi|121582553|ref|NC_008766.1|	95.65	23	1	0	34	56	9593	9571	5.0E-5	38.2
EOSBI6J02I67TA	gi|121582553|ref|NC_008766.1|	100.0	20	0	0	151	170	46502	46521	1.0E-5	40.1
EOSBI6J01B12PN	gi|121582553|ref|NC_008766.1|	96.0	25	1	0	85	109	14966	14990	3.0E-6	42.1
EOSBI6J01EB9P2	gi|121582553|ref|NC_008766.1|	100.0	19	0	0	206	224	63566	63584	5.0E-5	38.2
EOSBI6J01BFXEP	gi|121582553|ref|NC_008766.1|	100.0	19	0	0	38	56	58389	58371	5.0E-5	38.2
EOSBI6J02JGU16	gi|121582553|ref|NC_008766.1|	86.46	96	13	0	131	226	57412	57507	6.0E-20	87.7
EOSBI6J01BDUX3	gi|121582553|ref|NC_008766.1|	82.64	144	25	0	87	230	40720	40577	6.0E-20	87.7
EOSBI6J02JNDEA	gi|121582553|ref|NC_008766.1|	100.0	226	0	0	1	226	27524	27299	1.0E-128	448.0
EOSBI6J02GRJSY	gi|121582553|ref|NC_008766.1|	100.0	235	0	0	1	235	27085	26851	6.0E-134	466.0
EOSBI6J01B4BZV	gi|121582553|ref|NC_008766.1|	100.0	19	0	0	103	121	1490	1508	5.0E-5	38.2
EOSBI6J02HGVDQ	gi|121582553|ref|NC_008766.1|	96.43	28	1	0	58	85	5279	5252	5.0E-8	48.1
EOSBI6J02GQBDU	gi|121582553|ref|NC_008766.1|	95.65	23	1	0	184	206	19066	19088	5.0E-5	38.2
EOSBI6J01AXYRR	gi|121582553|ref|NC_008766.1|	100.0	19	0	0	95	113	2739	2721	5.0E-5	38.2
EOSBI6J02JARCP	gi|121582553|ref|NC_008766.1|	100.0	19	0	0	66	84	57141	57123	5.0E-5	38.2
EOSBI6J01AY1NV	gi|121582553|ref|NC_008766.1|	100.0	19	0	0	1	19	53698	53716	5.0E-5	38.2
EOSBI6J02F1A9G	gi|121582553|ref|NC_008766.1|	95.83	24	1	0	123	146	44584	44607	1.0E-5	40.1
EOSBI6J01EA2GY	gi|121582553|ref|NC_008766.1|	100.0	19	0	0	45	63	17500	17518	5.0E-5	38.2
EOSBI6J01EYJXQ	gi|121582553|ref|NC_008766.1|	100.0	19	0	0	19	37	42282	42264	5.0E-5	38.2
EOSBI6J02G8C9W	gi|121582553|ref|NC_008766.1|	100.0	226	0	0	1	226	27370	27145	1.0E-128	448.0
EOSBI6J02GWIUL	gi|121582553|ref|NC_008766.1|	95.65	23	1	0	108	130	85	63	5.0E-5	38.2
EOSBI6J01AXLE3	gi|121582553|ref|NC_008766.1|	100.0	19	0	0	206	224	34497	34479	5.0E-5	38.2
EOSBI6J01BYWSH	gi|121582553|ref|NC_008766.1|	95.65	23	1	0	118	140	34459	34481	5.0E-5	38.2
EOSBI6J02F98Z6	gi|121582553|ref|NC_008766.1|	100.0	241	0	0	1	241	38022	37782	2.0E-137	478.0
EOSBI6J01B1B78	gi|121582553|ref|NC_008766.1|	100.0	19	0	0	92	110	10715	10697	5.0E-5	38.2
EOSBI6J01AP9V0	gi|121582553|ref|NC_008766.1|	95.65	23	1	0	109	131	62205	62227	5.0E-5	38.2
EOSBI6J02INXWC	gi|121582553|ref|NC_008766.1|	100.0	20	0	0	41	60	34470	34489	5.0E-6	40.1
EOSBI6J02F4CQ6	gi|121582553|ref|NC_008766.1|	100.0	20	0	0	202	221	50446	50427	1.0E-5	40.1
EOSBI6J01EXU4D	gi|121582553|ref|NC_008766.1|	100.0	19	0	0	194	212	43052	43034	5.0E-5	38.2
EOSBI6J02FZOBH	gi|121582553|ref|NC_008766.1|	100.0	21	0	0	10	30	3698	3678	3.0E-6	42.1
EOSBI6J01BMH6N	gi|121582553|ref|NC_008766.1|	95.65	23	1	0	117	139	59084	59062	5.0E-5	38.2
EOSBI6J02HQ179	gi|121582553|ref|NC_008766.1|	100.0	20	0	0	105	124	17527	17508	1.0E-5	40.1
EOSBI6J01C1UUN	gi|121582553|ref|NC_008766.1|	100.0	233	0	0	1	233	38363	38131	9.0E-133	462.0
EOSBI6J01DIYXM	gi|121582553|ref|NC_008766.1|	100.0	19	0	0	194	212	46026	46044	6.0E-5	38.2
EOSBI6J02FZLAK	gi|121582553|ref|NC_008766.1|	95.65	23	1	0	137	159	31771	31793	5.0E-5	38.2
EOSBI6J01BNBE8	gi|121582553|ref|NC_008766.1|	100.0	20	0	0	69	88	10794	10775	1.0E-5	40.1
EOSBI6J01A9GQN	gi|121582553|ref|NC_008766.1|	92.86	28	2	0	6	33	17772	17745	1.0E-5	40.1
EOSBI6J02FTB2C	gi|121582553|ref|NC_008766.1|	100.0	21	0	0	163	183	15575	15555	3.0E-6	42.1
EOSBI6J02GVZ2Z	gi|121582553|ref|NC_008766.1|	100.0	19	0	0	186	204	29305	29323	5.0E-5	38.2
EOSBI6J01AV3U3	gi|121582553|ref|NC_008766.1|	100.0	19	0	0	104	122	25180	25198	5.0E-5	38.2
EOSBI6J01DHC84	gi|121582553|ref|NC_008766.1|	92.86	28	2	0	50	77	55599	55572	1.0E-5	40.1
EOSBI6J01BMHY6	gi|121582553|ref|NC_008766.1|	100.0	27	0	0	48	74	1050	1076	9.0E-10	54.0
EOSBI6J01EEILF	gi|121582553|ref|NC_008766.1|	100.0	22	0	0	138	159	21583	21604	1.0E-6	44.1
EOSBI6J02I1G9X	gi|121582553|ref|NC_008766.1|	100.0	19	0	0	175	193	30247	30229	5.0E-5	38.2
EOSBI6J02HF03V	gi|121582553|ref|NC_008766.1|	96.15	26	1	0	137	162	28154	28129	8.0E-7	44.1
EOSBI6J02GN10O	gi|121582553|ref|NC_008766.1|	100.0	20	0	0	10	29	13267	13286	1.0E-5	40.1
EOSBI6J02FQA8L	gi|121582553|ref|NC_008766.1|	100.0	19	0	0	62	80	707	725	5.0E-5	38.2
EOSBI6J01DN819	gi|121582553|ref|NC_008766.1|	100.0	21	0	0	79	99	7144	7124	3.0E-6	42.1
EOSBI6J01DEBHX	gi|121582553|ref|NC_008766.1|	95.65	23	1	0	141	163	63297	63319	5.0E-5	38.2
EOSBI6J02F9QAM	gi|121582553|ref|NC_008766.1|	100.0	243	0	0	1	243	38719	38477	1.0E-138	482.0
EOSBI6J01D7W1B	gi|121582553|ref|NC_008766.1|	100.0	19	0	0	176	194	40314	40332	5.0E-5	38.2
EOSBI6J02HVX7A	gi|121582553|ref|NC_008766.1|	100.0	228	0	0	1	228	28156	28383	9.0E-130	452.0
EOSBI6J01C4KLO	gi|121582553|ref|NC_008766.1|	92.86	28	2	0	122	149	19297	19324	1.0E-5	40.1
EOSBI6J02HXHNV	gi|121582553|ref|NC_008766.1|	100.0	19	0	0	53	71	25180	25198	5.0E-5	38.2
EOSBI6J02J3EOZ	gi|121582553|ref|NC_008766.1|	89.89	89	9	0	129	217	40520	40608	2.0E-25	105.0
EOSBI6J01A7OMY	gi|121582553|ref|NC_008766.1|	100.0	19	0	0	120	138	57358	57376	5.0E-5	38.2
EOSBI6J02GWVCX	gi|121582553|ref|NC_008766.1|	92.59	27	2	0	166	192	42266	42292	4.0E-5	38.2
EOSBI6J01CUW29	gi|121582553|ref|NC_008766.1|	95.65	23	1	0	57	79	46762	46740	5.0E-5	38.2
EOSBI6J02I6RLH	gi|121582553|ref|NC_008766.1|	100.0	19	0	0	5	23	13610	13628	5.0E-5	38.2
EOSBI6J01CJBUT	gi|121582553|ref|NC_008766.1|	100.0	19	0	0	73	91	44271	44253	4.0E-5	38.2
EOSBI6J01DWJ38	gi|121582553|ref|NC_008766.1|	100.0	21	0	0	202	222	54709	54689	3.0E-6	42.1
EOSBI6J01CT0I5	gi|121582553|ref|NC_008766.1|	100.0	19	0	0	46	64	12910	12928	5.0E-5	38.2
EOSBI6J01CODK1	gi|121582553|ref|NC_008766.1|	100.0	19	0	0	158	176	26152	26134	5.0E-5	38.2
EOSBI6J02GBA6F	gi|121582553|ref|NC_008766.1|	93.1	29	2	0	152	180	17720	17692	3.0E-6	42.1
EOSBI6J01A1LEB	gi|121582553|ref|NC_008766.1|	89.47	38	4	0	14	51	29363	29326	8.0E-7	44.1
EOSBI6J01ERCE8	gi|121582553|ref|NC_008766.1|	95.65	23	1	0	153	175	34419	34441	5.0E-5	38.2
EOSBI6J01BYSEU	gi|121582553|ref|NC_008766.1|	100.0	19	0	0	62	80	707	725	5.0E-5	38.2
EOSBI6J02FT3AV	gi|121582553|ref|NC_008766.1|	84.44	90	14	0	124	213	20825	20736	5.0E-14	67.9
EOSBI6J01DLKC1	gi|121582553|ref|NC_008766.1|	92.59	27	2	0	180	206	16916	16942	5.0E-5	38.2
EOSBI6J01DDCG1	gi|121582553|ref|NC_008766.1|	100.0	232	0	0	1	232	27480	27249	4.0E-132	460.0
EOSBI6J02H1HFT	gi|121582553|ref|NC_008766.1|	100.0	19	0	0	138	156	4252	4270	5.0E-5	38.2
EOSBI6J01BA4TY	gi|121582553|ref|NC_008766.1|	100.0	19	0	0	41	59	5272	5254	5.0E-5	38.2
EOSBI6J02JOQ3F	gi|121582553|ref|NC_008766.1|	100.0	19	0	0	39	57	30600	30582	5.0E-5	38.2
EOSBI6J01DJY1U	gi|121582553|ref|NC_008766.1|	86.23	138	19	0	1	138	14207	14344	1.0E-30	123.0
EOSBI6J02FQJZE	gi|121582553|ref|NC_008766.1|	100.0	19	0	0	218	236	58451	58433	5.0E-5	38.2
EOSBI6J01B51UA	gi|121582553|ref|NC_008766.1|	100.0	20	0	0	218	237	41671	41652	1.0E-5	40.1
EOSBI6J01CSG79	gi|121582553|ref|NC_008766.1|	100.0	19	0	0	121	139	14402	14384	5.0E-5	38.2
EOSBI6J01EERO6	gi|121582553|ref|NC_008766.1|	100.0	19	0	0	201	219	47837	47855	5.0E-5	38.2
EOSBI6J01CZBR4	gi|121582553|ref|NC_008766.1|	92.59	27	2	0	137	163	51960	51986	5.0E-5	38.2
EOSBI6J01CMRCQ	gi|121582553|ref|NC_008766.1|	100.0	20	0	0	193	212	58252	58271	1.0E-5	40.1
EOSBI6J02FU7AO	gi|121582553|ref|NC_008766.1|	96.0	25	1	0	77	101	43639	43663	3.0E-6	42.1
EOSBI6J02IU9VF	gi|121582553|ref|NC_008766.1|	100.0	19	0	0	45	63	60634	60616	5.0E-5	38.2
EOSBI6J01EZLPE	gi|121582553|ref|NC_008766.1|	95.65	23	1	0	194	216	3352	3330	5.0E-5	38.2
EOSBI6J02GI6Q6	gi|121582553|ref|NC_008766.1|	100.0	23	0	0	94	116	17165	17143	2.0E-7	46.1
EOSBI6J01EH1ZM	gi|121582553|ref|NC_008766.1|	100.0	19	0	0	123	141	51893	51911	5.0E-5	38.2
EOSBI6J01DT2TF	gi|121582553|ref|NC_008766.1|	100.0	19	0	0	154	172	58335	58353	5.0E-5	38.2
EOSBI6J02GDMWV	gi|121582553|ref|NC_008766.1|	86.32	95	13	0	1	95	33629	33535	2.0E-19	85.7
EOSBI6J01C5QWS	gi|121582553|ref|NC_008766.1|	100.0	19	0	0	74	92	25532	25550	4.0E-5	38.2
EOSBI6J02HPC7D	gi|121582553|ref|NC_008766.1|	100.0	20	0	0	56	75	20561	20580	1.0E-5	40.1
EOSBI6J01CK9NP	gi|121582553|ref|NC_008766.1|	100.0	236	0	0	1	236	27809	27574	1.0E-134	468.0
EOSBI6J01ETJWB	gi|121582553|ref|NC_008766.1|	95.65	23	1	0	55	77	4364	4386	5.0E-5	38.2
EOSBI6J01BSWU2	gi|121582553|ref|NC_008766.1|	100.0	21	0	0	99	119	34987	34967	3.0E-6	42.1
EOSBI6J01C9NCB	gi|121582553|ref|NC_008766.1|	100.0	238	0	0	1	238	27812	27575	1.0E-135	472.0
EOSBI6J01CR0P4	gi|121582553|ref|NC_008766.1|	100.0	19	0	0	44	62	46859	46841	5.0E-5	38.2
EOSBI6J01BRJ4I	gi|121582553|ref|NC_008766.1|	100.0	19	0	0	239	257	59082	59064	6.0E-5	38.2
EOSBI6J02GL4BD	gi|121582553|ref|NC_008766.1|	100.0	19	0	0	107	125	8423	8441	5.0E-5	38.2
EOSBI6J02I1DNU	gi|121582553|ref|NC_008766.1|	100.0	19	0	0	143	161	25662	25644	5.0E-5	38.2
EOSBI6J02GEQDK	gi|121582553|ref|NC_008766.1|	100.0	20	0	0	56	75	20561	20580	1.0E-5	40.1
EOSBI6J01A57NV	gi|121582553|ref|NC_008766.1|	100.0	19	0	0	105	123	43326	43308	5.0E-5	38.2
EOSBI6J01D3EC9	gi|121582553|ref|NC_008766.1|	95.65	23	1	0	47	69	47163	47185	5.0E-5	38.2
EOSBI6J02F83LR	gi|121582553|ref|NC_008766.1|	100.0	19	0	0	3	21	17478	17460	5.0E-5	38.2
EOSBI6J01BK4FD	gi|121582553|ref|NC_008766.1|	95.65	23	1	0	48	70	2394	2416	5.0E-5	38.2
EOSBI6J01CIO37	gi|121582553|ref|NC_008766.1|	90.32	31	3	0	57	87	32865	32895	4.0E-5	38.2
EOSBI6J02JXMBR	gi|121582553|ref|NC_008766.1|	92.59	27	2	0	164	190	34635	34609	4.0E-5	38.2
EOSBI6J02JQV4M	gi|121582553|ref|NC_008766.1|	92.59	27	2	0	150	176	61194	61168	5.0E-5	38.2
EOSBI6J02GFD7X	gi|121582553|ref|NC_008766.1|	95.65	23	1	0	239	261	63269	63247	5.0E-5	38.2
EOSBI6J02JOO9N	gi|121582553|ref|NC_008766.1|	100.0	19	0	0	141	159	60341	60359	5.0E-5	38.2
EOSBI6J02GOOIP	gi|121582553|ref|NC_008766.1|	87.17	187	23	1	53	239	39660	39475	1.0E-45	172.0
EOSBI6J02GOSQA	gi|121582553|ref|NC_008766.1|	100.0	19	0	0	57	75	17792	17774	5.0E-5	38.2
EOSBI6J02IT6UI	gi|121582553|ref|NC_008766.1|	84.38	96	15	0	126	221	33248	33343	3.0E-15	71.9
EOSBI6J02HRE1K	gi|121582553|ref|NC_008766.1|	100.0	19	0	0	226	244	13635	13617	5.0E-5	38.2
EOSBI6J02FWCKO	gi|121582553|ref|NC_008766.1|	100.0	19	0	0	161	179	48512	48530	5.0E-5	38.2
EOSBI6J02HZPSA	gi|121582553|ref|NC_008766.1|	100.0	19	0	0	199	217	25179	25197	5.0E-5	38.2
EOSBI6J01DTTEM	gi|121582553|ref|NC_008766.1|	100.0	19	0	0	205	223	3946	3928	5.0E-5	38.2
EOSBI6J02H4LF1	gi|121582553|ref|NC_008766.1|	95.65	23	1	0	179	201	17819	17841	5.0E-5	38.2
EOSBI6J01A3J6B	gi|121582553|ref|NC_008766.1|	95.65	23	1	0	4	26	40499	40477	5.0E-5	38.2
EOSBI6J01DQEQZ	gi|121582553|ref|NC_008766.1|	81.07	169	32	0	7	175	32969	33137	4.0E-18	81.8
EOSBI6J01D6FHM	gi|121582553|ref|NC_008766.1|	100.0	20	0	0	36	55	4393	4374	1.0E-5	40.1
EOSBI6J01CUI1I	gi|121582553|ref|NC_008766.1|	100.0	19	0	0	41	59	60264	60282	5.0E-5	38.2
EOSBI6J02HWZ6U	gi|121582553|ref|NC_008766.1|	100.0	19	0	0	230	248	13310	13328	5.0E-5	38.2
EOSBI6J01BK2JN	gi|121582553|ref|NC_008766.1|	100.0	19	0	0	88	106	46133	46115	5.0E-5	38.2
EOSBI6J02GQ299	gi|121582553|ref|NC_008766.1|	92.59	27	2	0	137	163	51960	51986	5.0E-5	38.2
EOSBI6J01BRD41	gi|121582553|ref|NC_008766.1|	100.0	19	0	0	163	181	43549	43567	5.0E-5	38.2
EOSBI6J02FWDNJ	gi|121582553|ref|NC_008766.1|	100.0	19	0	0	100	118	51078	51060	5.0E-5	38.2
EOSBI6J02HX6N0	gi|121582553|ref|NC_008766.1|	100.0	227	0	0	1	227	26826	27052	3.0E-129	450.0
EOSBI6J01BQF16	gi|121582553|ref|NC_008766.1|	100.0	19	0	0	29	47	4268	4250	5.0E-5	38.2
EOSBI6J02JPJI0	gi|121582553|ref|NC_008766.1|	100.0	227	0	0	1	227	37755	37529	3.0E-129	450.0
EOSBI6J01D7X5F	gi|121582553|ref|NC_008766.1|	100.0	19	0	0	68	86	27471	27453	5.0E-5	38.2
EOSBI6J01AQ59W	gi|121582553|ref|NC_008766.1|	100.0	224	0	0	1	224	27584	27361	2.0E-127	444.0
EOSBI6J01C9JNI	gi|121582553|ref|NC_008766.1|	100.0	249	0	0	1	249	38841	38593	3.0E-142	494.0
EOSBI6J01A3YMH	gi|121582553|ref|NC_008766.1|	95.65	23	1	0	124	146	46906	46928	5.0E-5	38.2
EOSBI6J01AI4OX	gi|121582553|ref|NC_008766.1|	100.0	19	0	0	197	215	52870	52888	6.0E-5	38.2
EOSBI6J02GFGN9	gi|121582553|ref|NC_008766.1|	100.0	19	0	0	33	51	463	481	5.0E-5	38.2
EOSBI6J01DLPBR	gi|121582553|ref|NC_008766.1|	96.43	28	1	0	72	99	61680	61707	5.0E-8	48.1
EOSBI6J02GZTBP	gi|121582553|ref|NC_008766.1|	100.0	20	0	0	44	63	61601	61620	1.0E-5	40.1
EOSBI6J02JONGO	gi|121582553|ref|NC_008766.1|	95.65	23	1	0	119	141	1090	1068	5.0E-5	38.2
EOSBI6J01EVTZM	gi|121582553|ref|NC_008766.1|	100.0	19	0	0	127	145	14440	14458	5.0E-5	38.2
EOSBI6J01EA3JC	gi|121582553|ref|NC_008766.1|	95.65	23	1	0	1	23	51995	51973	4.0E-5	38.2
EOSBI6J02F07B3	gi|121582553|ref|NC_008766.1|	100.0	19	0	0	22	40	21633	21651	4.0E-5	38.2
EOSBI6J01DQ5DW	gi|121582553|ref|NC_008766.1|	100.0	19	0	0	88	106	55587	55605	5.0E-5	38.2
EOSBI6J02HEU6W	gi|121582553|ref|NC_008766.1|	100.0	20	0	0	46	65	2845	2826	9.0E-6	40.1
EOSBI6J01AYO4J	gi|121582553|ref|NC_008766.1|	100.0	242	0	0	1	242	38094	38335	4.0E-138	480.0
EOSBI6J01D2YC6	gi|121582553|ref|NC_008766.1|	82.93	82	14	0	3	84	27937	27856	1.0E-9	52.0
EOSBI6J01CEQ8O	gi|121582553|ref|NC_008766.1|	83.64	55	9	0	84	138	23215	23269	5.0E-5	38.2
EOSBI6J02HJ6DK	gi|121582553|ref|NC_008766.1|	95.83	24	1	0	1	24	62628	62605	1.0E-5	40.1
EOSBI6J01ASHXO	gi|121582553|ref|NC_008766.1|	100.0	19	0	0	122	140	10809	10791	5.0E-5	38.2
EOSBI6J01CADJX	gi|121582553|ref|NC_008766.1|	99.6	253	0	1	1	253	28017	28268	7.0E-140	486.0
EOSBI6J01BBR8V	gi|121582553|ref|NC_008766.1|	92.86	28	2	0	137	164	12012	11985	1.0E-5	40.1
EOSBI6J02J042O	gi|121582553|ref|NC_008766.1|	95.65	23	1	0	166	188	47838	47860	5.0E-5	38.2
EOSBI6J01C55E1	gi|121582553|ref|NC_008766.1|	100.0	20	0	0	82	101	63488	63507	1.0E-5	40.1
EOSBI6J02J0FHY	gi|121582553|ref|NC_008766.1|	100.0	19	0	0	135	153	18	36	5.0E-5	38.2
EOSBI6J02GVMH2	gi|121582553|ref|NC_008766.1|	95.65	23	1	0	90	112	17773	17795	5.0E-5	38.2
EOSBI6J01BUTAN	gi|121582553|ref|NC_008766.1|	100.0	20	0	0	68	87	42264	42283	1.0E-5	40.1
EOSBI6J02GUBCB	gi|121582553|ref|NC_008766.1|	95.65	23	1	0	179	201	52166	52144	5.0E-5	38.2
EOSBI6J02H95A0	gi|121582553|ref|NC_008766.1|	100.0	19	0	0	47	65	46099	46117	5.0E-5	38.2
EOSBI6J01BA6QW	gi|121582553|ref|NC_008766.1|	100.0	19	0	0	29	47	60647	60629	5.0E-5	38.2
EOSBI6J01AJ217	gi|121582553|ref|NC_008766.1|	100.0	19	0	0	169	187	22271	22289	5.0E-5	38.2
EOSBI6J01A2RI4	gi|121582553|ref|NC_008766.1|	95.65	23	1	0	81	103	53270	53292	5.0E-5	38.2
EOSBI6J02H133L	gi|121582553|ref|NC_008766.1|	100.0	19	0	0	18	36	55585	55567	5.0E-5	38.2
EOSBI6J02GYDMJ	gi|121582553|ref|NC_008766.1|	96.0	25	1	0	149	173	20691	20715	3.0E-6	42.1
EOSBI6J01DLK4J	gi|121582553|ref|NC_008766.1|	100.0	21	0	0	197	217	60548	60528	3.0E-6	42.1
EOSBI6J02HR8X9	gi|121582553|ref|NC_008766.1|	100.0	19	0	0	90	108	21138	21156	5.0E-5	38.2
EOSBI6J01APGPA	gi|121582553|ref|NC_008766.1|	100.0	19	0	0	124	142	32024	32006	5.0E-5	38.2
EOSBI6J01DIXXV	gi|121582553|ref|NC_008766.1|	100.0	231	0	0	1	231	27299	27069	1.0E-131	458.0
EOSBI6J02GMIRH	gi|121582553|ref|NC_008766.1|	95.65	23	1	0	70	92	4399	4377	5.0E-5	38.2
EOSBI6J01BSKHD	gi|121582553|ref|NC_008766.1|	100.0	245	0	0	1	245	28058	27814	7.0E-140	486.0
EOSBI6J01EDGY3	gi|121582553|ref|NC_008766.1|	100.0	21	0	0	172	192	58977	58957	3.0E-6	42.1
EOSBI6J02JI22W	gi|121582553|ref|NC_008766.1|	100.0	249	0	0	1	249	38144	37896	3.0E-142	494.0
EOSBI6J01B6WU3	gi|121582553|ref|NC_008766.1|	86.05	43	6	0	79	121	5464	5422	5.0E-5	38.2
EOSBI6J02GMFW3	gi|121582553|ref|NC_008766.1|	100.0	237	0	0	1	237	27639	27403	4.0E-135	470.0
EOSBI6J01BFJQ5	gi|121582553|ref|NC_008766.1|	100.0	19	0	0	87	105	55590	55572	5.0E-5	38.2
EOSBI6J01A9H4B	gi|121582553|ref|NC_008766.1|	100.0	218	0	0	1	218	26845	26628	8.0E-124	432.0
EOSBI6J02I7Y6J	gi|121582553|ref|NC_008766.1|	86.46	96	13	0	54	149	33630	33535	6.0E-20	87.7
EOSBI6J02G1R8B	gi|121582553|ref|NC_008766.1|	100.0	20	0	0	83	102	42283	42264	1.0E-5	40.1
EOSBI6J01AGQSI	gi|121582553|ref|NC_008766.1|	95.65	23	1	0	46	68	311	333	5.0E-5	38.2
EOSBI6J02GYG9C	gi|121582553|ref|NC_008766.1|	100.0	21	0	0	1	21	4464	4484	3.0E-6	42.1
EOSBI6J02FYFVZ	gi|121582553|ref|NC_008766.1|	84.25	127	20	0	23	149	33504	33630	9.0E-22	93.7
EOSBI6J01EDCD3	gi|121582553|ref|NC_008766.1|	100.0	19	0	0	139	157	4252	4270	5.0E-5	38.2
EOSBI6J01EV65P	gi|121582553|ref|NC_008766.1|	100.0	21	0	0	148	168	8284	8264	3.0E-6	42.1
EOSBI6J01EVFLQ	gi|121582553|ref|NC_008766.1|	100.0	19	0	0	195	213	8284	8266	5.0E-5	38.2
EOSBI6J02GERO3	gi|121582553|ref|NC_008766.1|	100.0	21	0	0	173	193	13528	13508	3.0E-6	42.1
EOSBI6J02GOUOI	gi|121582553|ref|NC_008766.1|	100.0	19	0	0	9	27	32950	32932	5.0E-5	38.2
EOSBI6J02HC1E0	gi|121582553|ref|NC_008766.1|	100.0	20	0	0	114	133	57355	57374	1.0E-5	40.1
EOSBI6J01DC3MN	gi|121582553|ref|NC_008766.1|	100.0	19	0	0	145	163	34493	34475	4.0E-5	38.2
EOSBI6J02H2276	gi|121582553|ref|NC_008766.1|	95.83	24	1	0	19	42	16260	16237	1.0E-5	40.1
EOSBI6J02JGCL3	gi|121582553|ref|NC_008766.1|	100.0	21	0	0	117	137	13534	13514	3.0E-6	42.1
EOSBI6J02H93K1	gi|121582553|ref|NC_008766.1|	95.65	23	1	0	63	85	34489	34467	5.0E-5	38.2
EOSBI6J01DRB4W	gi|121582553|ref|NC_008766.1|	95.83	24	1	0	28	51	43580	43603	1.0E-5	40.1
EOSBI6J01D9PCW	gi|121582553|ref|NC_008766.1|	100.0	21	0	0	193	213	40243	40223	3.0E-6	42.1
EOSBI6J02IR7W1	gi|121582553|ref|NC_008766.1|	87.25	149	19	0	2	150	10930	11078	3.0E-37	145.0
EOSBI6J01B2O59	gi|121582553|ref|NC_008766.1|	100.0	21	0	0	186	206	51385	51405	3.0E-6	42.1
EOSBI6J01C1UUT	gi|121582553|ref|NC_008766.1|	95.83	24	1	0	217	240	53019	53042	1.0E-5	40.1
EOSBI6J02GN9WL	gi|121582553|ref|NC_008766.1|	100.0	19	0	0	142	160	54307	54289	5.0E-5	38.2
EOSBI6J01DFIA2	gi|121582553|ref|NC_008766.1|	82.83	233	40	0	1	233	33251	33483	3.0E-37	145.0
EOSBI6J02JPI6Z	gi|121582553|ref|NC_008766.1|	100.0	19	0	0	201	219	59089	59071	5.0E-5	38.2
EOSBI6J01ALHMT	gi|121582553|ref|NC_008766.1|	100.0	19	0	0	59	77	54707	54689	5.0E-5	38.2
EOSBI6J02GU124	gi|121582553|ref|NC_008766.1|	85.71	98	14	0	135	232	33630	33533	9.0E-19	83.8
EOSBI6J01C38YX	gi|121582553|ref|NC_008766.1|	92.59	27	2	0	212	238	25182	25208	5.0E-5	38.2
EOSBI6J01BFHNG	gi|121582553|ref|NC_008766.1|	100.0	20	0	0	39	58	11115	11096	1.0E-5	40.1
EOSBI6J01AUOB4	gi|121582553|ref|NC_008766.1|	100.0	19	0	0	213	231	41406	41388	5.0E-5	38.2
EOSBI6J02G7GVE	gi|121582553|ref|NC_008766.1|	95.65	23	1	0	42	64	60658	60636	5.0E-5	38.2
EOSBI6J01A672O	gi|121582553|ref|NC_008766.1|	95.65	23	1	0	3	25	63468	63446	5.0E-5	38.2
EOSBI6J01CNGQG	gi|121582553|ref|NC_008766.1|	100.0	19	0	0	200	218	17766	17748	5.0E-5	38.2
EOSBI6J01BBPDG	gi|121582553|ref|NC_008766.1|	87.14	241	30	1	9	248	39361	39601	4.0E-61	224.0
EOSBI6J02FO7Z4	gi|121582553|ref|NC_008766.1|	89.47	38	4	0	36	73	29326	29363	8.0E-7	44.1
EOSBI6J02GM653	gi|121582553|ref|NC_008766.1|	96.77	31	1	0	122	152	5837	5807	8.0E-10	54.0
EOSBI6J01CLVRW	gi|121582553|ref|NC_008766.1|	100.0	19	0	0	15	33	38482	38500	5.0E-5	38.2
EOSBI6J01AIJQW	gi|121582553|ref|NC_008766.1|	95.65	23	1	0	124	146	46906	46928	5.0E-5	38.2
EOSBI6J02GL7KQ	gi|121582553|ref|NC_008766.1|	95.65	23	1	0	90	112	17773	17795	5.0E-5	38.2
EOSBI6J01CFRZF	gi|121582553|ref|NC_008766.1|	91.18	34	3	0	127	160	8284	8251	7.0E-7	44.1
EOSBI6J02HZJB7	gi|121582553|ref|NC_008766.1|	100.0	19	0	0	197	215	1501	1483	5.0E-5	38.2
EOSBI6J01B7B1X	gi|121582553|ref|NC_008766.1|	100.0	20	0	0	18	37	20304	20285	1.0E-5	40.1
EOSBI6J02HK0TR	gi|121582553|ref|NC_008766.1|	100.0	20	0	0	216	235	4363	4382	1.0E-5	40.1
EOSBI6J01AU9UU	gi|121582553|ref|NC_008766.1|	100.0	240	0	0	1	240	37850	38089	6.0E-137	476.0
EOSBI6J01B8V4F	gi|121582553|ref|NC_008766.1|	92.42	132	10	0	97	228	53906	54037	1.0E-48	182.0
EOSBI6J01B9RT1	gi|121582553|ref|NC_008766.1|	82.91	117	20	0	1	117	40604	40720	9.0E-16	73.8
EOSBI6J01CHZP0	gi|121582553|ref|NC_008766.1|	95.65	23	1	0	220	242	34455	34433	5.0E-5	38.2
EOSBI6J02JBZ3B	gi|121582553|ref|NC_008766.1|	100.0	19	0	0	126	144	31718	31700	5.0E-5	38.2
EOSBI6J02G5BN0	gi|121582553|ref|NC_008766.1|	81.29	139	26	0	28	166	35533	35671	1.0E-14	69.9
EOSBI6J01BUIRF	gi|121582553|ref|NC_008766.1|	100.0	19	0	0	41	59	40332	40314	5.0E-5	38.2
EOSBI6J01D0QVB	gi|121582553|ref|NC_008766.1|	86.22	196	26	1	48	243	28867	29061	8.0E-44	167.0
EOSBI6J01DM8N4	gi|121582553|ref|NC_008766.1|	87.84	74	9	0	5	78	38918	38991	2.0E-16	75.8
EOSBI6J02FS8OG	gi|121582553|ref|NC_008766.1|	95.65	23	1	0	62	84	19191	19213	5.0E-5	38.2
EOSBI6J01D1PUJ	gi|121582553|ref|NC_008766.1|	92.86	28	2	0	94	121	2575	2602	1.0E-5	40.1
EOSBI6J01AOLWI	gi|121582553|ref|NC_008766.1|	100.0	230	0	0	1	230	27390	27161	6.0E-131	456.0
EOSBI6J02FQ9F0	gi|121582553|ref|NC_008766.1|	88.43	242	28	0	7	248	39374	39615	3.0E-71	258.0
EOSBI6J02IHPE4	gi|121582553|ref|NC_008766.1|	100.0	19	0	0	3	21	17478	17460	5.0E-5	38.2
EOSBI6J01CLXBF	gi|121582553|ref|NC_008766.1|	90.38	52	5	0	5	56	29025	29076	8.0E-13	63.9
EOSBI6J01D3JDW	gi|121582553|ref|NC_008766.1|	100.0	19	0	0	86	104	28706	28688	6.0E-5	38.2
EOSBI6J01C3PAE	gi|121582553|ref|NC_008766.1|	96.15	26	1	0	23	48	13804	13779	9.0E-7	44.1
EOSBI6J01DLZ45	gi|121582553|ref|NC_008766.1|	84.76	164	25	0	32	195	54556	54393	6.0E-32	127.0
EOSBI6J01DXB13	gi|121582553|ref|NC_008766.1|	100.0	150	0	0	1	150	38166	38017	3.0E-83	297.0
EOSBI6J02FN9IC	gi|121582553|ref|NC_008766.1|	100.0	19	0	0	182	200	9717	9735	4.0E-5	38.2
EOSBI6J01BWJGF	gi|121582553|ref|NC_008766.1|	92.59	27	2	0	6	32	17748	17774	5.0E-5	38.2
EOSBI6J02G9FT7	gi|121582553|ref|NC_008766.1|	100.0	20	0	0	70	89	13616	13635	1.0E-5	40.1
EOSBI6J01B8VXH	gi|121582553|ref|NC_008766.1|	100.0	31	0	0	1	31	27190	27220	3.0E-12	61.9
EOSBI6J01DXE7A	gi|121582553|ref|NC_008766.1|	95.83	24	1	0	69	92	25562	25585	7.0E-6	40.1
EOSBI6J02HCEHY	gi|121582553|ref|NC_008766.1|	100.0	20	0	0	109	128	20028	20047	1.0E-5	40.1
EOSBI6J01A69HW	gi|121582553|ref|NC_008766.1|	100.0	148	0	0	108	255	38918	38771	5.0E-82	293.0
EOSBI6J01EFGXW	gi|121582553|ref|NC_008766.1|	100.0	19	0	0	211	229	56601	56619	5.0E-5	38.2
EOSBI6J02GS8BE	gi|121582553|ref|NC_008766.1|	100.0	21	0	0	103	123	59069	59089	3.0E-6	42.1
EOSBI6J02F23GO	gi|121582553|ref|NC_008766.1|	100.0	20	0	0	92	111	4482	4463	1.0E-5	40.1
EOSBI6J02HO9N7	gi|121582553|ref|NC_008766.1|	100.0	72	0	0	1	72	27930	27859	1.0E-36	143.0
EOSBI6J01C70RZ	gi|121582553|ref|NC_008766.1|	85.71	210	30	0	13	222	29076	28867	2.0E-47	178.0
EOSBI6J01B240S	gi|121582553|ref|NC_008766.1|	100.0	19	0	0	181	199	10625	10607	5.0E-5	38.2
EOSBI6J01BEJJY	gi|121582553|ref|NC_008766.1|	100.0	20	0	0	186	205	56563	56544	1.0E-5	40.1
EOSBI6J01BNOHM	gi|121582553|ref|NC_008766.1|	84.78	92	14	0	123	214	59865	59956	4.0E-15	71.9
EOSBI6J01DH9GD	gi|121582553|ref|NC_008766.1|	95.65	23	1	0	207	229	13719	13697	5.0E-5	38.2
EOSBI6J01EOZ9X	gi|121582553|ref|NC_008766.1|	96.15	26	1	0	22	47	52031	52006	7.0E-7	44.1
EOSBI6J02FZPO3	gi|121582553|ref|NC_008766.1|	100.0	21	0	0	135	155	49349	49329	3.0E-6	42.1
EOSBI6J01DL3M7	gi|121582553|ref|NC_008766.1|	92.59	27	2	0	34	60	17196	17170	4.0E-5	38.2
EOSBI6J01EP286	gi|121582553|ref|NC_008766.1|	100.0	19	0	0	85	103	63447	63429	4.0E-5	38.2
EOSBI6J02GA14J	gi|121582553|ref|NC_008766.1|	96.15	26	1	0	26	51	8173	8198	7.0E-7	44.1
EOSBI6J01B7YZJ	gi|121582553|ref|NC_008766.1|	100.0	19	0	0	258	276	6682	6664	5.0E-5	38.2
EOSBI6J02I90OH	gi|121582553|ref|NC_008766.1|	100.0	19	0	0	64	82	31640	31622	5.0E-5	38.2
EOSBI6J02IV7KU	gi|121582553|ref|NC_008766.1|	100.0	19	0	0	198	216	13457	13475	5.0E-5	38.2
EOSBI6J01C3DHR	gi|121582553|ref|NC_008766.1|	86.15	65	9	0	152	216	38011	37947	5.0E-11	58.0
EOSBI6J02HNE8G	gi|121582553|ref|NC_008766.1|	95.65	23	1	0	177	199	47735	47757	5.0E-5	38.2
EOSBI6J01C7WUN	gi|121582553|ref|NC_008766.1|	100.0	19	0	0	203	221	52062	52044	4.0E-5	38.2
EOSBI6J01EG1ZR	gi|121582553|ref|NC_008766.1|	94.87	39	2	0	126	164	39038	39076	3.0E-12	61.9
EOSBI6J02H5KRZ	gi|121582553|ref|NC_008766.1|	96.15	26	1	0	29	54	48751	48726	8.0E-7	44.1
EOSBI6J02GEBMG	gi|121582553|ref|NC_008766.1|	100.0	20	0	0	63	82	14351	14370	1.0E-5	40.1
EOSBI6J02H2Q10	gi|121582553|ref|NC_008766.1|	100.0	241	0	0	1	241	38690	38450	2.0E-137	478.0
EOSBI6J02FNNMP	gi|121582553|ref|NC_008766.1|	86.27	51	7	0	112	162	31325	31275	2.0E-7	46.1
EOSBI6J01AVYZS	gi|121582553|ref|NC_008766.1|	100.0	248	0	0	1	248	28110	27863	1.0E-141	492.0
EOSBI6J01EQLZK	gi|121582553|ref|NC_008766.1|	100.0	21	0	0	76	96	51923	51943	3.0E-6	42.1
EOSBI6J02HZZK6	gi|121582553|ref|NC_008766.1|	95.83	24	1	0	198	221	53634	53611	1.0E-5	40.1
EOSBI6J01DPSFL	gi|121582553|ref|NC_008766.1|	100.0	19	0	0	109	127	46012	45994	5.0E-5	38.2
EOSBI6J01AH5NA	gi|121582553|ref|NC_008766.1|	100.0	19	0	0	118	136	41382	41400	5.0E-5	38.2
EOSBI6J01DFTZM	gi|121582553|ref|NC_008766.1|	100.0	21	0	0	121	141	23491	23511	3.0E-6	42.1
EOSBI6J01EH3LX	gi|121582553|ref|NC_008766.1|	100.0	19	0	0	218	236	17778	17760	5.0E-5	38.2
EOSBI6J02FSXJP	gi|121582553|ref|NC_008766.1|	95.83	24	1	0	76	99	22463	22486	1.0E-5	40.1
EOSBI6J01BHIBF	gi|121582553|ref|NC_008766.1|	100.0	22	0	0	88	109	57583	57604	8.0E-7	44.1
EOSBI6J01AO13T	gi|121582553|ref|NC_008766.1|	95.83	24	1	0	32	55	16919	16896	1.0E-5	40.1
EOSBI6J02H9SZQ	gi|121582553|ref|NC_008766.1|	100.0	19	0	0	85	103	17960	17942	5.0E-5	38.2
EOSBI6J02H34HZ	gi|121582553|ref|NC_008766.1|	100.0	19	0	0	135	153	17177	17159	4.0E-5	38.2
EOSBI6J01C258S	gi|121582553|ref|NC_008766.1|	100.0	19	0	0	122	140	58741	58723	5.0E-5	38.2
EOSBI6J01BO7NQ	gi|121582553|ref|NC_008766.1|	100.0	19	0	0	122	140	31583	31565	5.0E-5	38.2
EOSBI6J02JAZ05	gi|121582553|ref|NC_008766.1|	100.0	19	0	0	91	109	59061	59079	5.0E-5	38.2
EOSBI6J01A10JT	gi|121582553|ref|NC_008766.1|	100.0	19	0	0	66	84	11142	11160	5.0E-5	38.2
EOSBI6J02JB5I9	gi|121582553|ref|NC_008766.1|	95.65	23	1	0	81	103	42001	41979	5.0E-5	38.2
EOSBI6J02JF2UR	gi|121582553|ref|NC_008766.1|	99.58	240	0	1	1	240	38038	38276	4.0E-132	460.0
EOSBI6J02HIISN	gi|121582553|ref|NC_008766.1|	100.0	67	0	0	1	67	38853	38919	1.0E-33	133.0
EOSBI6J02GHRJ7	gi|121582553|ref|NC_008766.1|	100.0	19	0	0	62	80	19207	19189	5.0E-5	38.2
EOSBI6J01C3JSH	gi|121582553|ref|NC_008766.1|	100.0	212	0	0	1	212	37580	37791	3.0E-120	420.0
EOSBI6J02GJAY1	gi|121582553|ref|NC_008766.1|	91.18	34	3	0	119	152	51937	51970	9.0E-7	44.1
EOSBI6J02GXXVD	gi|121582553|ref|NC_008766.1|	92.59	27	2	0	96	122	59223	59249	5.0E-5	38.2
EOSBI6J01A75F6	gi|121582553|ref|NC_008766.1|	100.0	19	0	0	107	125	49999	50017	5.0E-5	38.2
EOSBI6J01DSJQ3	gi|121582553|ref|NC_008766.1|	100.0	19	0	0	168	186	13237	13255	5.0E-5	38.2
EOSBI6J02HNPDX	gi|121582553|ref|NC_008766.1|	100.0	19	0	0	116	134	47700	47718	5.0E-5	38.2
EOSBI6J02GTERA	gi|121582553|ref|NC_008766.1|	100.0	19	0	0	110	128	51925	51907	5.0E-5	38.2
EOSBI6J02H99VQ	gi|121582553|ref|NC_008766.1|	95.65	23	1	0	142	164	55819	55841	5.0E-5	38.2
EOSBI6J02HKFRS	gi|121582553|ref|NC_008766.1|	92.59	27	2	0	132	158	4272	4246	5.0E-5	38.2
EOSBI6J01BB6TJ	gi|121582553|ref|NC_008766.1|	92.59	27	2	0	164	190	34635	34609	4.0E-5	38.2
EOSBI6J01DOLRQ	gi|121582553|ref|NC_008766.1|	100.0	19	0	0	24	42	10840	10858	5.0E-5	38.2
EOSBI6J01BPVYP	gi|121582553|ref|NC_008766.1|	100.0	19	0	0	186	204	41385	41403	4.0E-5	38.2
EOSBI6J02IZWEX	gi|121582553|ref|NC_008766.1|	100.0	19	0	0	151	169	16976	16958	5.0E-5	38.2
EOSBI6J02F5PLB	gi|121582553|ref|NC_008766.1|	100.0	19	0	0	115	133	62195	62213	4.0E-5	38.2
EOSBI6J01BFQTW	gi|121582553|ref|NC_008766.1|	90.45	220	18	2	21	237	61302	61083	1.0E-70	256.0
EOSBI6J02FWI9I	gi|121582553|ref|NC_008766.1|	85.19	81	12	0	27	107	40626	40706	2.0E-13	65.9
EOSBI6J02ITZ2L	gi|121582553|ref|NC_008766.1|	81.82	88	15	1	9	95	3670	3583	1.0E-5	40.1
EOSBI6J01DM7Y3	gi|121582553|ref|NC_008766.1|	95.65	23	1	0	118	140	2335	2357	5.0E-5	38.2
EOSBI6J02HC27A	gi|121582553|ref|NC_008766.1|	92.59	27	2	0	218	244	31508	31482	5.0E-5	38.2
EOSBI6J02I9LZ3	gi|121582553|ref|NC_008766.1|	92.59	27	2	0	112	138	19265	19291	5.0E-5	38.2
EOSBI6J01EJ61C	gi|121582553|ref|NC_008766.1|	100.0	229	0	0	1	229	38126	38354	2.0E-130	454.0
EOSBI6J01CESFM	gi|121582553|ref|NC_008766.1|	100.0	235	0	0	1	235	38002	37768	6.0E-134	466.0
EOSBI6J02GLD41	gi|121582553|ref|NC_008766.1|	82.58	178	31	0	61	238	16105	16282	6.0E-26	107.0
EOSBI6J02HVNAW	gi|121582553|ref|NC_008766.1|	100.0	22	0	0	153	174	54867	54888	9.0E-7	44.1
EOSBI6J02F5BGA	gi|121582553|ref|NC_008766.1|	92.59	27	2	0	13	39	57580	57554	5.0E-5	38.2
EOSBI6J02G2I8T	gi|121582553|ref|NC_008766.1|	100.0	19	0	0	205	223	20194	20212	5.0E-5	38.2
EOSBI6J01ECARA	gi|121582553|ref|NC_008766.1|	92.59	27	2	0	2	28	50330	50304	5.0E-5	38.2
EOSBI6J01EPOJS	gi|121582553|ref|NC_008766.1|	100.0	21	0	0	202	222	15297	15317	3.0E-6	42.1
EOSBI6J01B1ZZ6	gi|121582553|ref|NC_008766.1|	95.65	23	1	0	104	126	28599	28577	5.0E-5	38.2
EOSBI6J01B2F57	gi|121582553|ref|NC_008766.1|	85.28	197	29	0	15	211	39231	39427	5.0E-42	161.0
EOSBI6J01CIXEX	gi|121582553|ref|NC_008766.1|	95.65	23	1	0	64	86	8834	8812	5.0E-5	38.2
EOSBI6J02GZ7P6	gi|121582553|ref|NC_008766.1|	100.0	19	0	0	71	89	42104	42086	5.0E-5	38.2
EOSBI6J02IN56Y	gi|121582553|ref|NC_008766.1|	100.0	224	0	0	1	224	38137	38360	2.0E-127	444.0
EOSBI6J01CKUCN	gi|121582553|ref|NC_008766.1|	95.65	23	1	0	86	108	2402	2424	5.0E-5	38.2
EOSBI6J01DUFI8	gi|121582553|ref|NC_008766.1|	100.0	20	0	0	75	94	7736	7755	1.0E-5	40.1
EOSBI6J02FQFJS	gi|121582553|ref|NC_008766.1|	100.0	21	0	0	132	152	51586	51606	3.0E-6	42.1
EOSBI6J02HL51J	gi|121582553|ref|NC_008766.1|	100.0	19	0	0	34	52	59895	59877	4.0E-5	38.2
EOSBI6J01EV0Q6	gi|121582553|ref|NC_008766.1|	100.0	19	0	0	117	135	54536	54554	5.0E-5	38.2
EOSBI6J01CQCD8	gi|121582553|ref|NC_008766.1|	96.3	27	1	0	104	130	41104	41130	2.0E-7	46.1
EOSBI6J01A1KF2	gi|121582553|ref|NC_008766.1|	100.0	19	0	0	131	149	44533	44515	5.0E-5	38.2
EOSBI6J01BX3CE	gi|121582553|ref|NC_008766.1|	100.0	20	0	0	139	158	50676	50695	1.0E-5	40.1
EOSBI6J01EBZ55	gi|121582553|ref|NC_008766.1|	100.0	20	0	0	186	205	56563	56544	1.0E-5	40.1
EOSBI6J01AFNYF	gi|121582553|ref|NC_008766.1|	100.0	226	0	0	1	226	26974	27199	1.0E-128	448.0
EOSBI6J01AYK68	gi|121582553|ref|NC_008766.1|	96.43	28	1	0	18	45	1507	1480	5.0E-8	48.1
EOSBI6J02JL4RV	gi|121582553|ref|NC_008766.1|	95.65	23	1	0	6	28	14366	14344	5.0E-5	38.2
EOSBI6J01BCBR3	gi|121582553|ref|NC_008766.1|	100.0	19	0	0	181	199	13667	13685	5.0E-5	38.2
EOSBI6J01B4CFC	gi|121582553|ref|NC_008766.1|	95.65	23	1	0	80	102	62106	62128	5.0E-5	38.2
EOSBI6J02GH58Q	gi|121582553|ref|NC_008766.1|	86.32	95	13	0	150	244	20840	20746	2.0E-19	85.7
EOSBI6J01A6YP6	gi|121582553|ref|NC_008766.1|	80.95	168	30	2	92	258	40993	41159	9.0E-13	63.9
EOSBI6J01CZ1VA	gi|121582553|ref|NC_008766.1|	83.72	86	14	0	93	178	33248	33333	1.0E-11	60.0
EOSBI6J02IJBPR	gi|121582553|ref|NC_008766.1|	92.86	28	2	0	172	199	49970	49997	1.0E-5	40.1
EOSBI6J02IV5EF	gi|121582553|ref|NC_008766.1|	100.0	24	0	0	84	107	61466	61489	5.0E-8	48.1
EOSBI6J01CIVUB	gi|121582553|ref|NC_008766.1|	100.0	19	0	0	171	189	5773	5791	5.0E-5	38.2
EOSBI6J01B78TF	gi|121582553|ref|NC_008766.1|	100.0	239	0	0	1	239	38057	38295	2.0E-136	474.0
EOSBI6J02IPMYE	gi|121582553|ref|NC_008766.1|	95.65	23	1	0	51	73	44799	44821	5.0E-5	38.2
EOSBI6J01EDDXL	gi|121582553|ref|NC_008766.1|	100.0	19	0	0	95	113	1484	1502	5.0E-5	38.2
EOSBI6J01D14F7	gi|121582553|ref|NC_008766.1|	100.0	22	0	0	111	132	47720	47741	7.0E-7	44.1
EOSBI6J01BJLQZ	gi|121582553|ref|NC_008766.1|	100.0	219	0	0	1	219	27047	27265	2.0E-124	434.0
EOSBI6J02JUTQP	gi|121582553|ref|NC_008766.1|	100.0	19	0	0	19	37	42282	42264	5.0E-5	38.2
EOSBI6J01DVRJ4	gi|121582553|ref|NC_008766.1|	100.0	19	0	0	21	39	10216	10198	5.0E-5	38.2
EOSBI6J02FSRBH	gi|121582553|ref|NC_008766.1|	96.15	26	1	0	50	75	22299	22274	7.0E-7	44.1
EOSBI6J02IJ8PH	gi|121582553|ref|NC_008766.1|	100.0	229	0	0	1	229	27277	27049	2.0E-130	454.0
EOSBI6J02FP0DL	gi|121582553|ref|NC_008766.1|	96.0	25	1	0	139	163	18662	18638	3.0E-6	42.1
EOSBI6J02G4F7Q	gi|121582553|ref|NC_008766.1|	100.0	20	0	0	167	186	9488	9507	1.0E-5	40.1
EOSBI6J02FYYSL	gi|121582553|ref|NC_008766.1|	100.0	19	0	0	225	243	40089	40071	5.0E-5	38.2
EOSBI6J01APIT2	gi|121582553|ref|NC_008766.1|	100.0	21	0	0	232	252	7643	7663	3.0E-6	42.1
EOSBI6J01A9KD0	gi|121582553|ref|NC_008766.1|	95.83	24	1	0	200	223	9646	9623	1.0E-5	40.1
EOSBI6J02GS11S	gi|121582553|ref|NC_008766.1|	100.0	19	0	0	176	194	1488	1506	5.0E-5	38.2
EOSBI6J02GBVCC	gi|121582553|ref|NC_008766.1|	92.59	27	2	0	76	102	22496	22470	5.0E-5	38.2
EOSBI6J01EC35D	gi|121582553|ref|NC_008766.1|	87.76	49	6	0	38	86	29363	29315	1.0E-8	50.1
EOSBI6J01CQ4QR	gi|121582553|ref|NC_008766.1|	100.0	19	0	0	70	88	14043	14061	4.0E-5	38.2
EOSBI6J01C81LA	gi|121582553|ref|NC_008766.1|	100.0	20	0	0	221	240	22496	22477	1.0E-5	40.1
EOSBI6J02GEW5T	gi|121582553|ref|NC_008766.1|	100.0	19	0	0	200	218	17766	17748	5.0E-5	38.2
EOSBI6J02HTZEB	gi|121582553|ref|NC_008766.1|	83.54	158	26	0	66	223	33248	33405	6.0E-26	107.0
EOSBI6J02G391U	gi|121582553|ref|NC_008766.1|	100.0	20	0	0	47	66	4556	4575	1.0E-5	40.1
EOSBI6J01AKCED	gi|121582553|ref|NC_008766.1|	100.0	19	0	0	151	169	10694	10712	5.0E-5	38.2
EOSBI6J02IH23Y	gi|121582553|ref|NC_008766.1|	95.65	23	1	0	122	144	893	871	5.0E-5	38.2
EOSBI6J02HLNFT	gi|121582553|ref|NC_008766.1|	95.83	24	1	0	138	161	9949	9972	1.0E-5	40.1
EOSBI6J02JR4PU	gi|121582553|ref|NC_008766.1|	99.6	248	1	0	1	248	38049	37802	3.0E-139	484.0
EOSBI6J01EWCI4	gi|121582553|ref|NC_008766.1|	100.0	19	0	0	166	184	51673	51655	5.0E-5	38.2
EOSBI6J02I6ASM	gi|121582553|ref|NC_008766.1|	100.0	20	0	0	55	74	48139	48120	1.0E-5	40.1
EOSBI6J01C983L	gi|121582553|ref|NC_008766.1|	95.65	23	1	0	73	95	25617	25595	5.0E-5	38.2
EOSBI6J02H528F	gi|121582553|ref|NC_008766.1|	96.15	26	1	0	26	51	8173	8198	7.0E-7	44.1
EOSBI6J01CGBTG	gi|121582553|ref|NC_008766.1|	95.65	23	1	0	65	87	63508	63486	5.0E-5	38.2
EOSBI6J02FVX9J	gi|121582553|ref|NC_008766.1|	96.43	28	1	0	18	45	1507	1480	5.0E-8	48.1
EOSBI6J01BJMDQ	gi|121582553|ref|NC_008766.1|	100.0	19	0	0	169	187	22271	22289	5.0E-5	38.2
EOSBI6J01B83FR	gi|121582553|ref|NC_008766.1|	100.0	20	0	0	91	110	6926	6907	1.0E-5	40.1
EOSBI6J02FPOAN	gi|121582553|ref|NC_008766.1|	84.38	96	15	0	122	217	33248	33343	3.0E-15	71.9
EOSBI6J01BZKD9	gi|121582553|ref|NC_008766.1|	100.0	20	0	0	217	236	22660	22641	1.0E-5	40.1
EOSBI6J02JBRK6	gi|121582553|ref|NC_008766.1|	100.0	20	0	0	2	21	62283	62264	1.0E-5	40.1
EOSBI6J01CEHFI	gi|121582553|ref|NC_008766.1|	100.0	20	0	0	73	92	22199	22218	1.0E-5	40.1
EOSBI6J01CZLA1	gi|121582553|ref|NC_008766.1|	89.93	139	14	0	7	145	39327	39189	3.0E-43	165.0
EOSBI6J01C4UBZ	gi|121582553|ref|NC_008766.1|	100.0	19	0	0	133	151	51578	51560	5.0E-5	38.2
EOSBI6J01BH416	gi|121582553|ref|NC_008766.1|	96.15	26	1	0	23	48	13804	13779	9.0E-7	44.1
EOSBI6J01C97PZ	gi|121582553|ref|NC_008766.1|	100.0	19	0	0	43	61	61921	61903	5.0E-5	38.2
EOSBI6J02F02HT	gi|121582553|ref|NC_008766.1|	100.0	20	0	0	257	276	3844	3825	1.0E-5	40.1
EOSBI6J02JV30R	gi|121582553|ref|NC_008766.1|	100.0	19	0	0	84	102	11029	11047	5.0E-5	38.2
EOSBI6J02F1KK2	gi|121582553|ref|NC_008766.1|	100.0	20	0	0	92	111	50501	50482	1.0E-5	40.1
EOSBI6J02GCXSD	gi|121582553|ref|NC_008766.1|	100.0	19	0	0	93	111	46333	46315	5.0E-5	38.2
EOSBI6J01BS5BF	gi|121582553|ref|NC_008766.1|	100.0	236	0	0	1	236	27716	27481	1.0E-134	468.0
EOSBI6J01B0JCJ	gi|121582553|ref|NC_008766.1|	100.0	19	0	0	182	200	51589	51607	5.0E-5	38.2
EOSBI6J02H9TBJ	gi|121582553|ref|NC_008766.1|	99.53	211	0	1	1	211	37586	37795	7.0E-115	402.0
EOSBI6J02GX4YM	gi|121582553|ref|NC_008766.1|	100.0	20	0	0	56	75	20561	20580	1.0E-5	40.1
EOSBI6J02IBE6B	gi|121582553|ref|NC_008766.1|	93.75	32	2	0	181	212	18607	18576	5.0E-8	48.1
EOSBI6J02INOAI	gi|121582553|ref|NC_008766.1|	92.59	27	2	0	139	165	51960	51986	5.0E-5	38.2
EOSBI6J02H7JPT	gi|121582553|ref|NC_008766.1|	95.65	23	1	0	144	166	57515	57493	5.0E-5	38.2
EOSBI6J02JA60S	gi|121582553|ref|NC_008766.1|	89.47	38	4	0	130	167	29326	29363	8.0E-7	44.1
EOSBI6J01AY6CZ	gi|121582553|ref|NC_008766.1|	85.0	80	12	0	6	85	13636	13715	8.0E-13	63.9
EOSBI6J01A5M7V	gi|121582553|ref|NC_008766.1|	100.0	19	0	0	131	149	17661	17643	5.0E-5	38.2
EOSBI6J01C9Y9L	gi|121582553|ref|NC_008766.1|	93.1	29	2	0	57	85	54419	54447	3.0E-6	42.1
EOSBI6J01AIWYP	gi|121582553|ref|NC_008766.1|	100.0	19	0	0	157	175	60389	60407	5.0E-5	38.2
EOSBI6J01CG33Z	gi|121582553|ref|NC_008766.1|	100.0	20	0	0	43	62	248	229	1.0E-5	40.1
EOSBI6J01D77JM	gi|121582553|ref|NC_008766.1|	91.49	47	4	0	49	95	59223	59269	4.0E-12	61.9
EOSBI6J02GT27Y	gi|121582553|ref|NC_008766.1|	100.0	20	0	0	111	130	58745	58764	1.0E-5	40.1
EOSBI6J01DRGLW	gi|121582553|ref|NC_008766.1|	98.65	222	1	2	47	268	35713	35932	8.0E-115	402.0
EOSBI6J01DCF9I	gi|121582553|ref|NC_008766.1|	100.0	19	0	0	143	161	16389	16371	5.0E-5	38.2
EOSBI6J01D3U9O	gi|121582553|ref|NC_008766.1|	100.0	19	0	0	60	78	48934	48916	5.0E-5	38.2
EOSBI6J02G8P7M	gi|121582553|ref|NC_008766.1|	96.23	106	3	1	72	177	26452	26556	4.0E-45	170.0
EOSBI6J01EV8TZ	gi|121582553|ref|NC_008766.1|	95.65	23	1	0	15	37	6836	6814	5.0E-5	38.2
EOSBI6J01CP6KY	gi|121582553|ref|NC_008766.1|	95.65	23	1	0	10	32	19303	19325	5.0E-5	38.2
EOSBI6J02FMPEJ	gi|121582553|ref|NC_008766.1|	100.0	21	0	0	12	32	52484	52504	3.0E-6	42.1
EOSBI6J02G2MMV	gi|121582553|ref|NC_008766.1|	95.65	23	1	0	55	77	8249	8227	5.0E-5	38.2
EOSBI6J02INB0O	gi|121582553|ref|NC_008766.1|	100.0	19	0	0	205	223	36	18	5.0E-5	38.2
EOSBI6J01CPIB4	gi|121582553|ref|NC_008766.1|	100.0	19	0	0	207	225	34847	34829	5.0E-5	38.2
EOSBI6J02GWHR3	gi|121582553|ref|NC_008766.1|	83.89	180	29	0	46	225	33487	33308	6.0E-32	127.0
EOSBI6J02I8PFO	gi|121582553|ref|NC_008766.1|	96.43	28	1	0	18	45	1507	1480	5.0E-8	48.1
EOSBI6J02ID7J0	gi|121582553|ref|NC_008766.1|	100.0	21	0	0	120	140	324	304	3.0E-6	42.1
EOSBI6J02I5AM4	gi|121582553|ref|NC_008766.1|	95.65	23	1	0	50	72	20252	20274	5.0E-5	38.2
EOSBI6J01DJCDI	gi|121582553|ref|NC_008766.1|	100.0	19	0	0	171	189	5773	5791	5.0E-5	38.2
EOSBI6J01BM3TV	gi|121582553|ref|NC_008766.1|	86.89	122	16	0	35	156	33486	33365	2.0E-28	115.0
EOSBI6J02GVCOO	gi|121582553|ref|NC_008766.1|	100.0	19	0	0	68	86	42283	42265	5.0E-5	38.2
EOSBI6J02FPU9H	gi|121582553|ref|NC_008766.1|	100.0	19	0	0	147	165	46100	46118	5.0E-5	38.2
EOSBI6J02GLEMX	gi|121582553|ref|NC_008766.1|	100.0	21	0	0	2	22	63289	63309	3.0E-6	42.1
EOSBI6J01CMUDE	gi|121582553|ref|NC_008766.1|	100.0	86	0	0	1	86	40907	40992	5.0E-45	170.0
EOSBI6J01A9RXL	gi|121582553|ref|NC_008766.1|	95.65	23	1	0	185	207	30047	30025	4.0E-5	38.2
EOSBI6J02IZG0C	gi|121582553|ref|NC_008766.1|	100.0	20	0	0	86	105	16926	16907	1.0E-5	40.1
EOSBI6J01EQS1I	gi|121582553|ref|NC_008766.1|	100.0	19	0	0	187	205	54707	54689	5.0E-5	38.2
EOSBI6J02I67BE	gi|121582553|ref|NC_008766.1|	100.0	19	0	0	167	185	42530	42548	5.0E-5	38.2
EOSBI6J01CWZFX	gi|121582553|ref|NC_008766.1|	100.0	19	0	0	171	189	46557	46575	5.0E-5	38.2
EOSBI6J02FZQ7X	gi|121582553|ref|NC_008766.1|	92.59	27	2	0	195	221	19291	19265	5.0E-5	38.2
EOSBI6J02I9FZZ	gi|121582553|ref|NC_008766.1|	96.0	25	1	0	152	176	48147	48171	3.0E-6	42.1
EOSBI6J01ET590	gi|121582553|ref|NC_008766.1|	95.65	23	1	0	144	166	58492	58470	5.0E-5	38.2
EOSBI6J02F1HRW	gi|121582553|ref|NC_008766.1|	100.0	19	0	0	78	96	32399	32381	5.0E-5	38.2
EOSBI6J01A0DOF	gi|121582553|ref|NC_008766.1|	100.0	21	0	0	96	116	32130	32110	3.0E-6	42.1
EOSBI6J01B4JAC	gi|121582553|ref|NC_008766.1|	100.0	19	0	0	205	223	51968	51950	5.0E-5	38.2
EOSBI6J01ET6IM	gi|121582553|ref|NC_008766.1|	100.0	219	0	0	1	219	37657	37875	2.0E-124	434.0
EOSBI6J01DB3KJ	gi|121582553|ref|NC_008766.1|	95.65	23	1	0	101	123	1132	1110	4.0E-5	38.2
EOSBI6J01CB5AG	gi|121582553|ref|NC_008766.1|	91.43	35	3	0	25	59	42264	42298	2.0E-7	46.1
EOSBI6J01BBDGH	gi|121582553|ref|NC_008766.1|	95.65	23	1	0	36	58	59246	59268	5.0E-5	38.2
EOSBI6J02INC0V	gi|121582553|ref|NC_008766.1|	89.55	67	7	0	1	67	28933	28867	6.0E-17	77.8
EOSBI6J02G2SIU	gi|121582553|ref|NC_008766.1|	100.0	20	0	0	101	120	21979	21998	1.0E-5	40.1
EOSBI6J01DDLNF	gi|121582553|ref|NC_008766.1|	100.0	23	0	0	176	198	15147	15125	2.0E-7	46.1
EOSBI6J02IY10O	gi|121582553|ref|NC_008766.1|	81.2	117	22	0	70	186	38366	38482	5.0E-11	58.0
EOSBI6J02HGKOQ	gi|121582553|ref|NC_008766.1|	100.0	19	0	0	100	118	31564	31546	5.0E-5	38.2
EOSBI6J02IR74Y	gi|121582553|ref|NC_008766.1|	100.0	20	0	0	97	116	50036	50055	1.0E-5	40.1
EOSBI6J01BME7U	gi|121582553|ref|NC_008766.1|	93.9	164	10	0	1	164	60723	60560	1.0E-67	246.0
EOSBI6J02GYE7H	gi|121582553|ref|NC_008766.1|	100.0	19	0	0	119	137	483	501	4.0E-5	38.2
EOSBI6J01CQCWG	gi|121582553|ref|NC_008766.1|	95.65	23	1	0	10	32	19303	19325	5.0E-5	38.2
EOSBI6J01DMMW6	gi|121582553|ref|NC_008766.1|	100.0	24	0	0	72	95	61746	61723	5.0E-8	48.1
EOSBI6J01BQAFM	gi|121582553|ref|NC_008766.1|	83.09	207	35	0	13	219	32931	33137	1.0E-33	133.0
EOSBI6J02FI3DL	gi|121582553|ref|NC_008766.1|	100.0	19	0	0	170	188	55776	55794	5.0E-5	38.2
EOSBI6J02GN396	gi|121582553|ref|NC_008766.1|	100.0	19	0	0	194	212	43052	43034	5.0E-5	38.2
EOSBI6J01A4H24	gi|121582553|ref|NC_008766.1|	95.65	23	1	0	199	221	44783	44761	5.0E-5	38.2
EOSBI6J01ETKDI	gi|121582553|ref|NC_008766.1|	100.0	19	0	0	127	145	4266	4248	5.0E-5	38.2
EOSBI6J01B5WTG	gi|121582553|ref|NC_008766.1|	83.09	207	35	0	13	219	32931	33137	1.0E-33	133.0
EOSBI6J01DJRIB	gi|121582553|ref|NC_008766.1|	100.0	20	0	0	152	171	59120	59139	1.0E-5	40.1
EOSBI6J02IZ7VS	gi|121582553|ref|NC_008766.1|	100.0	19	0	0	113	131	11627	11645	4.0E-5	38.2
EOSBI6J01A5DQ1	gi|121582553|ref|NC_008766.1|	100.0	25	0	0	62	86	31371	31347	1.0E-8	50.1
EOSBI6J02IC3PV	gi|121582553|ref|NC_008766.1|	100.0	21	0	0	91	111	62425	62405	3.0E-6	42.1
EOSBI6J01A6PSX	gi|121582553|ref|NC_008766.1|	100.0	19	0	0	53	71	25180	25198	5.0E-5	38.2
EOSBI6J01EEK3D	gi|121582553|ref|NC_008766.1|	100.0	20	0	0	158	177	46126	46107	1.0E-5	40.1
EOSBI6J02HQIJ5	gi|121582553|ref|NC_008766.1|	100.0	19	0	0	149	167	44920	44902	5.0E-5	38.2
EOSBI6J02HO8WR	gi|121582553|ref|NC_008766.1|	100.0	20	0	0	167	186	19292	19273	1.0E-5	40.1
EOSBI6J02G7IC9	gi|121582553|ref|NC_008766.1|	100.0	20	0	0	226	245	49823	49804	1.0E-5	40.1
EOSBI6J02J1VDQ	gi|121582553|ref|NC_008766.1|	93.1	29	2	0	144	172	51677	51649	3.0E-6	42.1
EOSBI6J02FYWHB	gi|121582553|ref|NC_008766.1|	100.0	19	0	0	5	23	31544	31526	5.0E-5	38.2
EOSBI6J01ET58C	gi|121582553|ref|NC_008766.1|	100.0	231	0	0	1	231	27497	27267	1.0E-131	458.0
EOSBI6J02G8RI8	gi|121582553|ref|NC_008766.1|	95.45	22	1	0	84	105	11697	11718	1.0E-4	36.2
EOSBI6J01D3DPF	gi|121582553|ref|NC_008766.1|	100.0	20	0	0	93	112	46313	46332	1.0E-5	40.1
EOSBI6J01DLMJQ	gi|121582553|ref|NC_008766.1|	100.0	19	0	0	98	116	57779	57761	5.0E-5	38.2
EOSBI6J02FZJOZ	gi|121582553|ref|NC_008766.1|	95.65	23	1	0	21	43	44963	44941	5.0E-5	38.2
EOSBI6J01CY8MR	gi|121582553|ref|NC_008766.1|	95.65	23	1	0	149	171	32144	32166	5.0E-5	38.2
EOSBI6J02JKT9L	gi|121582553|ref|NC_008766.1|	100.0	19	0	0	160	178	48141	48123	4.0E-5	38.2
EOSBI6J01CL9UF	gi|121582553|ref|NC_008766.1|	100.0	19	0	0	160	178	41395	41413	5.0E-5	38.2
EOSBI6J02H95CD	gi|121582553|ref|NC_008766.1|	97.29	258	7	0	7	264	45714	45971	6.0E-131	456.0
EOSBI6J01DAIKY	gi|121582553|ref|NC_008766.1|	95.65	23	1	0	73	95	25617	25595	4.0E-5	38.2
EOSBI6J01ELTPY	gi|121582553|ref|NC_008766.1|	100.0	255	0	0	1	255	26982	26728	8.0E-146	505.0
EOSBI6J02FVMFR	gi|121582553|ref|NC_008766.1|	95.65	23	1	0	22	44	28326	28304	5.0E-5	38.2
EOSBI6J01BA14H	gi|121582553|ref|NC_008766.1|	100.0	19	0	0	182	200	20999	21017	5.0E-5	38.2
EOSBI6J02JM6SA	gi|121582553|ref|NC_008766.1|	100.0	21	0	0	92	112	39914	39894	3.0E-6	42.1
EOSBI6J01A5W4Q	gi|121582553|ref|NC_008766.1|	95.83	24	1	0	105	128	8378	8355	1.0E-5	40.1
EOSBI6J02GGPOL	gi|121582553|ref|NC_008766.1|	100.0	214	0	0	1	214	28544	28331	2.0E-121	424.0
EOSBI6J01ALQI9	gi|121582553|ref|NC_008766.1|	99.6	249	0	1	1	249	27857	27610	2.0E-137	478.0
EOSBI6J02GS8DO	gi|121582553|ref|NC_008766.1|	92.59	27	2	0	213	239	27155	27181	5.0E-5	38.2
EOSBI6J01DWSHS	gi|121582553|ref|NC_008766.1|	100.0	241	0	0	1	241	38022	37782	2.0E-137	478.0
EOSBI6J02GPZKA	gi|121582553|ref|NC_008766.1|	96.0	25	1	0	192	216	34490	34466	3.0E-6	42.1
EOSBI6J01CAN1D	gi|121582553|ref|NC_008766.1|	93.55	31	2	0	111	141	62124	62094	2.0E-7	46.1
EOSBI6J01CRER7	gi|121582553|ref|NC_008766.1|	100.0	20	0	0	123	142	42263	42282	1.0E-5	40.1
EOSBI6J02JGXBB	gi|121582553|ref|NC_008766.1|	92.59	27	2	0	159	185	17522	17496	5.0E-5	38.2
EOSBI6J02IMO97	gi|121582553|ref|NC_008766.1|	95.65	23	1	0	198	220	62968	62946	5.0E-5	38.2
EOSBI6J02FOF4G	gi|121582553|ref|NC_008766.1|	100.0	243	0	0	1	243	37788	38030	1.0E-138	482.0
EOSBI6J01EW74K	gi|121582553|ref|NC_008766.1|	100.0	19	0	0	122	140	62407	62425	5.0E-5	38.2
EOSBI6J01DOB85	gi|121582553|ref|NC_008766.1|	88.33	60	7	0	197	256	28702	28643	9.0E-13	63.9
EOSBI6J01EP08A	gi|121582553|ref|NC_008766.1|	99.58	239	0	1	1	239	38119	37882	2.0E-131	458.0
EOSBI6J02G54OK	gi|121582553|ref|NC_008766.1|	100.0	19	0	0	203	221	43572	43590	5.0E-5	38.2
EOSBI6J01CIBH7	gi|121582553|ref|NC_008766.1|	92.59	27	2	0	155	181	6018	6044	5.0E-5	38.2
EOSBI6J02HYFDD	gi|121582553|ref|NC_008766.1|	100.0	238	0	0	1	238	27729	27492	1.0E-135	472.0
EOSBI6J01B4O9U	gi|121582553|ref|NC_008766.1|	95.65	23	1	0	16	38	51863	51841	5.0E-5	38.2
EOSBI6J02HWSL2	gi|121582553|ref|NC_008766.1|	100.0	19	0	0	212	230	45573	45591	5.0E-5	38.2
EOSBI6J01EKIVT	gi|121582553|ref|NC_008766.1|	96.15	26	1	0	112	137	24222	24197	7.0E-7	44.1
EOSBI6J01AYWF7	gi|121582553|ref|NC_008766.1|	100.0	231	0	0	1	231	28434	28204	1.0E-131	458.0
EOSBI6J01E3EYE	gi|121582553|ref|NC_008766.1|	100.0	20	0	0	76	95	2969	2950	1.0E-5	40.1
EOSBI6J02HNUUI	gi|121582553|ref|NC_008766.1|	90.48	42	4	0	1	42	33289	33248	3.0E-9	52.0
EOSBI6J01ATCQC	gi|121582553|ref|NC_008766.1|	95.65	23	1	0	147	169	42048	42026	5.0E-5	38.2
EOSBI6J02HX4PS	gi|121582553|ref|NC_008766.1|	95.83	24	1	0	99	122	25585	25562	1.0E-5	40.1
EOSBI6J01CGE7G	gi|121582553|ref|NC_008766.1|	100.0	20	0	0	222	241	60392	60411	1.0E-5	40.1
EOSBI6J01DP5XI	gi|121582553|ref|NC_008766.1|	84.25	127	20	0	70	196	33504	33630	9.0E-22	93.7
EOSBI6J02HQITI	gi|121582553|ref|NC_008766.1|	100.0	19	0	0	103	121	1490	1508	5.0E-5	38.2
EOSBI6J02HQ71O	gi|121582553|ref|NC_008766.1|	100.0	19	0	0	73	91	1305	1323	5.0E-5	38.2
EOSBI6J02H6T5T	gi|121582553|ref|NC_008766.1|	100.0	19	0	0	190	208	34469	34487	5.0E-5	38.2
EOSBI6J02GSA1Q	gi|121582553|ref|NC_008766.1|	89.66	58	6	0	169	226	39774	39717	6.0E-14	67.9
EOSBI6J01EWI63	gi|121582553|ref|NC_008766.1|	86.46	96	13	0	151	246	33630	33535	6.0E-20	87.7
EOSBI6J02JUBCK	gi|121582553|ref|NC_008766.1|	100.0	19	0	0	182	200	8351	8333	5.0E-5	38.2
EOSBI6J01CQLXA	gi|121582553|ref|NC_008766.1|	95.83	24	1	0	7	30	17496	17473	1.0E-5	40.1
EOSBI6J02GT19Z	gi|121582553|ref|NC_008766.1|	100.0	79	0	0	1	79	38839	38917	7.0E-41	157.0
EOSBI6J01B50TP	gi|121582553|ref|NC_008766.1|	92.86	28	2	0	51	78	51625	51598	1.0E-5	40.1
EOSBI6J02I5M2P	gi|121582553|ref|NC_008766.1|	92.59	27	2	0	213	239	27155	27181	5.0E-5	38.2
EOSBI6J02H1Q2P	gi|121582553|ref|NC_008766.1|	100.0	19	0	0	176	194	59423	59441	5.0E-5	38.2
EOSBI6J02I7JCB	gi|121582553|ref|NC_008766.1|	100.0	20	0	0	123	142	42263	42282	1.0E-5	40.1
EOSBI6J02GH2PU	gi|121582553|ref|NC_008766.1|	100.0	19	0	0	17	35	51388	51406	5.0E-5	38.2
EOSBI6J01CXH5N	gi|121582553|ref|NC_008766.1|	95.65	23	1	0	40	62	63508	63486	5.0E-5	38.2
EOSBI6J02HGCDI	gi|121582553|ref|NC_008766.1|	100.0	19	0	0	85	103	57830	57848	5.0E-5	38.2
EOSBI6J02GE6LM	gi|121582553|ref|NC_008766.1|	100.0	21	0	0	135	155	49349	49329	3.0E-6	42.1
EOSBI6J01BVK15	gi|121582553|ref|NC_008766.1|	100.0	20	0	0	56	75	20561	20580	1.0E-5	40.1
EOSBI6J02HCG1D	gi|121582553|ref|NC_008766.1|	84.19	215	34	0	40	254	39612	39398	8.0E-41	157.0
EOSBI6J02GK7YC	gi|121582553|ref|NC_008766.1|	100.0	19	0	0	62	80	707	725	5.0E-5	38.2
EOSBI6J01DZXUH	gi|121582553|ref|NC_008766.1|	100.0	20	0	0	119	138	47750	47731	1.0E-5	40.1
EOSBI6J01ATV3K	gi|121582553|ref|NC_008766.1|	100.0	19	0	0	135	153	60072	60090	5.0E-5	38.2
EOSBI6J02H97SE	gi|121582553|ref|NC_008766.1|	100.0	19	0	0	159	177	31645	31627	5.0E-5	38.2
EOSBI6J01D03BC	gi|121582553|ref|NC_008766.1|	100.0	19	0	0	16	34	40366	40384	5.0E-5	38.2
EOSBI6J01DRE27	gi|121582553|ref|NC_008766.1|	100.0	19	0	0	83	101	8251	8269	5.0E-5	38.2
EOSBI6J01ECTB3	gi|121582553|ref|NC_008766.1|	95.83	24	1	0	12	35	56206	56183	1.0E-5	40.1
EOSBI6J02G9CM6	gi|121582553|ref|NC_008766.1|	95.65	23	1	0	112	134	42001	41979	5.0E-5	38.2
EOSBI6J02FZ5WA	gi|121582553|ref|NC_008766.1|	96.91	259	8	0	1	259	21528	21786	4.0E-129	450.0
EOSBI6J02J008J	gi|121582553|ref|NC_008766.1|	100.0	20	0	0	166	185	49046	49065	1.0E-5	40.1
EOSBI6J01D3LR6	gi|121582553|ref|NC_008766.1|	95.65	23	1	0	174	196	48161	48139	4.0E-5	38.2
EOSBI6J02JKTAW	gi|121582553|ref|NC_008766.1|	86.39	191	26	0	25	215	21545	21355	1.0E-45	172.0
EOSBI6J02FNWXV	gi|121582553|ref|NC_008766.1|	100.0	21	0	0	99	119	39140	39160	3.0E-6	42.1
EOSBI6J01EZ6MX	gi|121582553|ref|NC_008766.1|	100.0	20	0	0	225	244	39160	39141	1.0E-5	40.1
EOSBI6J01A2M94	gi|121582553|ref|NC_008766.1|	83.92	199	32	0	39	237	29061	28863	4.0E-36	141.0
EOSBI6J02F1OKX	gi|121582553|ref|NC_008766.1|	92.59	27	2	0	37	63	59222	59248	5.0E-5	38.2
EOSBI6J02H3ASU	gi|121582553|ref|NC_008766.1|	100.0	19	0	0	57	75	3043	3025	5.0E-5	38.2
EOSBI6J01ED9Y3	gi|121582553|ref|NC_008766.1|	100.0	234	0	0	1	234	27243	27476	2.0E-133	464.0
EOSBI6J01EW5ZF	gi|121582553|ref|NC_008766.1|	100.0	19	0	0	69	87	60394	60412	5.0E-5	38.2
EOSBI6J01CYLN6	gi|121582553|ref|NC_008766.1|	100.0	23	0	0	94	116	17165	17143	2.0E-7	46.1
EOSBI6J02GJ0UC	gi|121582553|ref|NC_008766.1|	88.89	36	4	0	19	54	42263	42298	1.0E-5	40.1
EOSBI6J01DZO02	gi|121582553|ref|NC_008766.1|	93.1	29	2	0	182	210	10827	10799	3.0E-6	42.1
EOSBI6J01CSL11	gi|121582553|ref|NC_008766.1|	100.0	220	0	0	1	220	37848	37629	5.0E-125	436.0
EOSBI6J01AWMJZ	gi|121582553|ref|NC_008766.1|	100.0	20	0	0	29	48	467	448	1.0E-5	40.1
EOSBI6J02G7W59	gi|121582553|ref|NC_008766.1|	91.49	47	4	0	133	179	23263	23217	3.0E-12	61.9
EOSBI6J02JHFR5	gi|121582553|ref|NC_008766.1|	95.65	23	1	0	34	56	51532	51554	5.0E-5	38.2
EOSBI6J02I27H0	gi|121582553|ref|NC_008766.1|	82.57	218	38	0	5	222	37741	37524	4.0E-33	131.0
EOSBI6J01DNGY9	gi|121582553|ref|NC_008766.1|	100.0	208	0	0	1	208	27817	27610	7.0E-118	412.0
EOSBI6J01EGTYR	gi|121582553|ref|NC_008766.1|	100.0	19	0	0	98	116	13771	13789	6.0E-5	38.2
EOSBI6J02H8G2T	gi|121582553|ref|NC_008766.1|	100.0	20	0	0	163	182	51891	51910	1.0E-5	40.1
EOSBI6J02IQDLS	gi|121582553|ref|NC_008766.1|	95.65	23	1	0	104	126	28338	28360	5.0E-5	38.2
EOSBI6J01DCM42	gi|121582553|ref|NC_008766.1|	100.0	19	0	0	125	143	22628	22610	4.0E-5	38.2
EOSBI6J02I4380	gi|121582553|ref|NC_008766.1|	100.0	19	0	0	61	79	44761	44779	5.0E-5	38.2
EOSBI6J01B93VX	gi|121582553|ref|NC_008766.1|	100.0	22	0	0	150	171	48202	48181	8.0E-7	44.1
EOSBI6J02IDKOI	gi|121582553|ref|NC_008766.1|	86.89	122	16	0	98	219	33486	33365	2.0E-28	115.0
EOSBI6J01DVBDA	gi|121582553|ref|NC_008766.1|	100.0	19	0	0	43	61	7430	7412	5.0E-5	38.2
EOSBI6J02JQMN5	gi|121582553|ref|NC_008766.1|	100.0	252	0	0	1	252	27963	28214	5.0E-144	500.0
EOSBI6J01DUI2L	gi|121582553|ref|NC_008766.1|	86.96	46	6	0	59	104	24778	24823	8.0E-7	44.1
EOSBI6J02HW97K	gi|121582553|ref|NC_008766.1|	100.0	236	0	0	1	236	27716	27481	1.0E-134	468.0
EOSBI6J02H42BF	gi|121582553|ref|NC_008766.1|	100.0	19	0	0	130	148	29420	29402	5.0E-5	38.2
EOSBI6J02HLXN0	gi|121582553|ref|NC_008766.1|	96.0	25	1	0	66	90	575	599	3.0E-6	42.1
EOSBI6J02IPO3H	gi|121582553|ref|NC_008766.1|	100.0	21	0	0	89	109	16625	16605	3.0E-6	42.1
EOSBI6J01DMBLL	gi|121582553|ref|NC_008766.1|	95.65	23	1	0	124	146	4646	4668	5.0E-5	38.2
EOSBI6J01CQ7RR	gi|121582553|ref|NC_008766.1|	98.67	225	0	3	1	224	27663	27441	1.0E-113	398.0
EOSBI6J01D6TJV	gi|121582553|ref|NC_008766.1|	100.0	19	0	0	55	73	19324	19306	5.0E-5	38.2
EOSBI6J01DXQBJ	gi|121582553|ref|NC_008766.1|	100.0	19	0	0	98	116	47733	47751	5.0E-5	38.2
EOSBI6J02GOLAM	gi|121582553|ref|NC_008766.1|	100.0	23	0	0	154	176	54707	54685	2.0E-7	46.1
EOSBI6J01B9ZL5	gi|121582553|ref|NC_008766.1|	100.0	120	0	0	121	240	28462	28581	3.0E-65	238.0
EOSBI6J01DH6G8	gi|121582553|ref|NC_008766.1|	100.0	19	0	0	15	33	30357	30339	5.0E-5	38.2
EOSBI6J01AJA8Z	gi|121582553|ref|NC_008766.1|	92.59	27	2	0	146	172	45868	45894	5.0E-5	38.2
EOSBI6J02IKJN9	gi|121582553|ref|NC_008766.1|	100.0	19	0	0	47	65	40332	40314	5.0E-5	38.2
EOSBI6J01EH97Q	gi|121582553|ref|NC_008766.1|	95.83	24	1	0	79	102	53731	53708	1.0E-5	40.1
EOSBI6J01AOLPQ	gi|121582553|ref|NC_008766.1|	100.0	19	0	0	159	177	39421	39439	5.0E-5	38.2
EOSBI6J02GU0S7	gi|121582553|ref|NC_008766.1|	100.0	20	0	0	133	152	46382	46401	1.0E-5	40.1
EOSBI6J01AUG3M	gi|121582553|ref|NC_008766.1|	100.0	20	0	0	65	84	61905	61924	1.0E-5	40.1
EOSBI6J02H3NFM	gi|121582553|ref|NC_008766.1|	100.0	19	0	0	150	168	10694	10712	5.0E-5	38.2
EOSBI6J01BZ7QE	gi|121582553|ref|NC_008766.1|	100.0	231	0	0	1	231	28316	28546	1.0E-131	458.0
EOSBI6J01C4FTQ	gi|121582553|ref|NC_008766.1|	95.45	22	1	0	84	105	11697	11718	1.0E-4	36.2
EOSBI6J01ECTM6	gi|121582553|ref|NC_008766.1|	95.83	24	1	0	42	65	41039	41016	1.0E-5	40.1
EOSBI6J02G3W7E	gi|121582553|ref|NC_008766.1|	100.0	19	0	0	73	91	34435	34417	5.0E-5	38.2
EOSBI6J01EPH18	gi|121582553|ref|NC_008766.1|	100.0	20	0	0	66	85	2388	2407	1.0E-5	40.1
EOSBI6J02I2YAW	gi|121582553|ref|NC_008766.1|	100.0	21	0	0	174	194	8422	8442	3.0E-6	42.1
EOSBI6J01DLFLA	gi|121582553|ref|NC_008766.1|	100.0	19	0	0	11	29	13657	13675	5.0E-5	38.2
EOSBI6J01DCSBY	gi|121582553|ref|NC_008766.1|	100.0	231	0	0	1	231	28357	28587	1.0E-131	458.0
EOSBI6J02HRFWP	gi|121582553|ref|NC_008766.1|	83.54	158	26	0	66	223	33248	33405	6.0E-26	107.0
EOSBI6J02GKFIA	gi|121582553|ref|NC_008766.1|	95.83	24	1	0	3	26	16981	16958	1.0E-5	40.1
EOSBI6J01DDZFW	gi|121582553|ref|NC_008766.1|	100.0	19	0	0	112	130	12013	11995	5.0E-5	38.2
EOSBI6J02F9Y14	gi|121582553|ref|NC_008766.1|	100.0	19	0	0	148	166	12580	12562	5.0E-5	38.2
EOSBI6J01EKCJ7	gi|121582553|ref|NC_008766.1|	96.15	26	1	0	112	137	24222	24197	7.0E-7	44.1
EOSBI6J02FN8W3	gi|121582553|ref|NC_008766.1|	81.42	113	21	0	12	124	31254	31366	5.0E-11	58.0
EOSBI6J01CRAMI	gi|121582553|ref|NC_008766.1|	100.0	19	0	0	238	256	46741	46723	6.0E-5	38.2
EOSBI6J02HASB1	gi|121582553|ref|NC_008766.1|	89.47	38	4	0	5	42	29363	29326	8.0E-7	44.1
EOSBI6J02H8ICS	gi|121582553|ref|NC_008766.1|	100.0	19	0	0	162	180	13630	13612	5.0E-5	38.2
EOSBI6J01CW52L	gi|121582553|ref|NC_008766.1|	100.0	241	0	0	1	241	28179	28419	2.0E-137	478.0
EOSBI6J02FMNW9	gi|121582553|ref|NC_008766.1|	89.8	147	15	0	96	242	62608	62754	1.0E-45	172.0
EOSBI6J02F1RND	gi|121582553|ref|NC_008766.1|	100.0	19	0	0	49	67	1866	1884	5.0E-5	38.2
EOSBI6J02HJMS5	gi|121582553|ref|NC_008766.1|	100.0	19	0	0	40	58	1868	1850	5.0E-5	38.2
EOSBI6J02H9NLX	gi|121582553|ref|NC_008766.1|	89.47	38	4	0	130	167	29326	29363	8.0E-7	44.1
EOSBI6J01DG1G0	gi|121582553|ref|NC_008766.1|	95.65	23	1	0	228	250	17637	17615	5.0E-5	38.2
EOSBI6J01D31OT	gi|121582553|ref|NC_008766.1|	100.0	250	0	0	1	250	28260	28011	7.0E-143	496.0
EOSBI6J02F5YJX	gi|121582553|ref|NC_008766.1|	100.0	20	0	0	109	128	13517	13498	1.0E-5	40.1
EOSBI6J01AH2VK	gi|121582553|ref|NC_008766.1|	100.0	20	0	0	181	200	42283	42264	1.0E-5	40.1
EOSBI6J02HDPEQ	gi|121582553|ref|NC_008766.1|	100.0	24	0	0	70	93	57072	57049	5.0E-8	48.1
EOSBI6J01AKCXW	gi|121582553|ref|NC_008766.1|	95.65	23	1	0	110	132	6631	6653	5.0E-5	38.2
EOSBI6J02H039S	gi|121582553|ref|NC_008766.1|	100.0	21	0	0	103	123	59069	59089	3.0E-6	42.1
EOSBI6J01ELWCC	gi|121582553|ref|NC_008766.1|	96.0	25	1	0	75	99	16059	16035	3.0E-6	42.1
EOSBI6J01BWEB2	gi|121582553|ref|NC_008766.1|	100.0	19	0	0	200	218	17766	17748	5.0E-5	38.2
EOSBI6J02JS9A7	gi|121582553|ref|NC_008766.1|	97.95	244	5	0	1	244	56541	56784	2.0E-127	444.0
EOSBI6J01ANZZ1	gi|121582553|ref|NC_008766.1|	100.0	19	0	0	139	157	59120	59138	5.0E-5	38.2
EOSBI6J02IUQFL	gi|121582553|ref|NC_008766.1|	100.0	19	0	0	238	256	2877	2895	5.0E-5	38.2
EOSBI6J01D8HJI	gi|121582553|ref|NC_008766.1|	100.0	19	0	0	14	32	459	477	4.0E-5	38.2
EOSBI6J01AQ5WS	gi|121582553|ref|NC_008766.1|	100.0	19	0	0	201	219	12021	12003	5.0E-5	38.2
EOSBI6J02IFQ3C	gi|121582553|ref|NC_008766.1|	86.36	110	15	0	1	110	39340	39231	1.0E-23	99.6
EOSBI6J01DBT9G	gi|121582553|ref|NC_008766.1|	100.0	236	0	0	1	236	27716	27481	1.0E-134	468.0
EOSBI6J01EM7QS	gi|121582553|ref|NC_008766.1|	100.0	20	0	0	156	175	44599	44580	1.0E-5	40.1
EOSBI6J02I7V8Q	gi|121582553|ref|NC_008766.1|	100.0	19	0	0	210	228	249	231	5.0E-5	38.2
EOSBI6J01B3Z5L	gi|121582553|ref|NC_008766.1|	85.37	82	12	0	14	95	41317	41398	6.0E-14	67.9
EOSBI6J01DFTFO	gi|121582553|ref|NC_008766.1|	100.0	19	0	0	238	256	30655	30637	5.0E-5	38.2
EOSBI6J02JJEIZ	gi|121582553|ref|NC_008766.1|	96.0	25	1	0	163	187	13898	13922	3.0E-6	42.1
EOSBI6J02GZKMD	gi|121582553|ref|NC_008766.1|	100.0	20	0	0	113	132	4246	4265	1.0E-5	40.1
EOSBI6J01AMRSL	gi|121582553|ref|NC_008766.1|	96.3	27	1	0	112	138	57417	57443	2.0E-7	46.1
EOSBI6J01DQPOJ	gi|121582553|ref|NC_008766.1|	100.0	19	0	0	212	230	20973	20955	5.0E-5	38.2
EOSBI6J01AM57N	gi|121582553|ref|NC_008766.1|	100.0	20	0	0	191	210	12020	12001	1.0E-5	40.1
EOSBI6J02IV75C	gi|121582553|ref|NC_008766.1|	100.0	20	0	0	99	118	46621	46640	1.0E-5	40.1
EOSBI6J01D652F	gi|121582553|ref|NC_008766.1|	100.0	19	0	0	172	190	23634	23652	5.0E-5	38.2
EOSBI6J01EGWNT	gi|121582553|ref|NC_008766.1|	95.65	23	1	0	176	198	1395	1417	5.0E-5	38.2
EOSBI6J01A0XAF	gi|121582553|ref|NC_008766.1|	95.65	23	1	0	62	84	14334	14356	4.0E-5	38.2
EOSBI6J01C95ZY	gi|121582553|ref|NC_008766.1|	100.0	19	0	0	81	99	44960	44942	5.0E-5	38.2
EOSBI6J01DLHDW	gi|121582553|ref|NC_008766.1|	100.0	247	0	0	1	247	38623	38377	4.0E-141	490.0
EOSBI6J02F3Z7Q	gi|121582553|ref|NC_008766.1|	100.0	21	0	0	5	25	5600	5620	3.0E-6	42.1
EOSBI6J01A7ZA2	gi|121582553|ref|NC_008766.1|	100.0	19	0	0	5	23	51376	51394	4.0E-5	38.2
EOSBI6J02GX29U	gi|121582553|ref|NC_008766.1|	100.0	20	0	0	210	229	53434	53453	1.0E-5	40.1
EOSBI6J01CGXTM	gi|121582553|ref|NC_008766.1|	94.7	151	8	0	73	223	49279	49129	1.0E-64	236.0
EOSBI6J02HH0DK	gi|121582553|ref|NC_008766.1|	99.6	252	1	0	1	252	28246	27995	1.0E-141	492.0
EOSBI6J01AKJEE	gi|121582553|ref|NC_008766.1|	100.0	20	0	0	86	105	8260	8279	1.0E-5	40.1
EOSBI6J01A7K0X	gi|121582553|ref|NC_008766.1|	100.0	20	0	0	16	35	17091	17072	1.0E-5	40.1
EOSBI6J01BTP5I	gi|121582553|ref|NC_008766.1|	89.36	47	5	0	156	202	40281	40235	8.0E-10	54.0
EOSBI6J02GRFJH	gi|121582553|ref|NC_008766.1|	100.0	19	0	0	166	184	46184	46166	5.0E-5	38.2
EOSBI6J02GFJMQ	gi|121582553|ref|NC_008766.1|	100.0	245	0	0	1	245	38166	37922	7.0E-140	486.0
EOSBI6J02G6PTA	gi|121582553|ref|NC_008766.1|	100.0	22	0	0	199	220	3490	3469	9.0E-7	44.1
EOSBI6J02I7DBP	gi|121582553|ref|NC_008766.1|	84.91	106	15	1	112	216	29076	28971	2.0E-16	75.8
EOSBI6J01BY504	gi|121582553|ref|NC_008766.1|	100.0	19	0	0	5	23	16035	16053	5.0E-5	38.2
EOSBI6J02GI3EJ	gi|121582553|ref|NC_008766.1|	100.0	21	0	0	138	158	34469	34489	2.0E-6	42.1
EOSBI6J01AEAYT	gi|121582553|ref|NC_008766.1|	100.0	20	0	0	135	154	51754	51773	1.0E-5	40.1
EOSBI6J01DL4YU	gi|121582553|ref|NC_008766.1|	100.0	21	0	0	120	140	59264	59244	3.0E-6	42.1
EOSBI6J02HBPTV	gi|121582553|ref|NC_008766.1|	95.65	23	1	0	35	57	60009	60031	5.0E-5	38.2
EOSBI6J02IN3GO	gi|121582553|ref|NC_008766.1|	100.0	19	0	0	211	229	232	250	5.0E-5	38.2
EOSBI6J02I20GQ	gi|121582553|ref|NC_008766.1|	100.0	19	0	0	27	45	34391	34373	5.0E-5	38.2
EOSBI6J01C3EXW	gi|121582553|ref|NC_008766.1|	100.0	19	0	0	3	21	28117	28135	5.0E-5	38.2
EOSBI6J01DD53U	gi|121582553|ref|NC_008766.1|	95.65	23	1	0	44	66	4067	4089	5.0E-5	38.2
EOSBI6J01CGBTJ	gi|121582553|ref|NC_008766.1|	95.65	23	1	0	65	87	63508	63486	5.0E-5	38.2
EOSBI6J02HVZCU	gi|121582553|ref|NC_008766.1|	92.86	28	2	0	91	118	63441	63414	1.0E-5	40.1
EOSBI6J01DY75B	gi|121582553|ref|NC_008766.1|	100.0	19	0	0	230	248	54630	54612	5.0E-5	38.2
EOSBI6J02GX2RU	gi|121582553|ref|NC_008766.1|	96.0	25	1	0	145	169	47301	47325	3.0E-6	42.1
EOSBI6J01ANLAZ	gi|121582553|ref|NC_008766.1|	100.0	19	0	0	106	124	16785	16767	5.0E-5	38.2
EOSBI6J02FZU9A	gi|121582553|ref|NC_008766.1|	100.0	19	0	0	13	31	33296	33278	5.0E-5	38.2
EOSBI6J02JNOKW	gi|121582553|ref|NC_008766.1|	82.73	110	19	0	48	157	50196	50087	6.0E-14	67.9
EOSBI6J01CO6RY	gi|121582553|ref|NC_008766.1|	95.83	24	1	0	72	95	50751	50728	1.0E-5	40.1
EOSBI6J02IWP4O	gi|121582553|ref|NC_008766.1|	100.0	21	0	0	7	27	40382	40402	3.0E-6	42.1
EOSBI6J02HIFXT	gi|121582553|ref|NC_008766.1|	100.0	19	0	0	129	147	42282	42264	5.0E-5	38.2
EOSBI6J02JMCWV	gi|121582553|ref|NC_008766.1|	95.65	23	1	0	60	82	46525	46547	4.0E-5	38.2
EOSBI6J01D1RJB	gi|121582553|ref|NC_008766.1|	95.12	205	8	2	83	287	45301	45099	3.0E-87	311.0
EOSBI6J02GFUHB	gi|121582553|ref|NC_008766.1|	100.0	224	0	0	1	224	27136	27359	2.0E-127	444.0
EOSBI6J02F0AQC	gi|121582553|ref|NC_008766.1|	100.0	19	0	0	211	229	56601	56619	5.0E-5	38.2
EOSBI6J02HMF0C	gi|121582553|ref|NC_008766.1|	100.0	19	0	0	176	194	13334	13316	5.0E-5	38.2
EOSBI6J01D0O2O	gi|121582553|ref|NC_008766.1|	100.0	21	0	0	108	128	59121	59141	3.0E-6	42.1
EOSBI6J01D7IIL	gi|121582553|ref|NC_008766.1|	100.0	20	0	0	113	132	471	452	1.0E-5	40.1
EOSBI6J01D1743	gi|121582553|ref|NC_008766.1|	96.0	25	1	0	165	189	47859	47835	3.0E-6	42.1
EOSBI6J02HUKUX	gi|121582553|ref|NC_008766.1|	83.33	96	16	0	6	101	39744	39839	8.0E-13	63.9
EOSBI6J02HGONS	gi|121582553|ref|NC_008766.1|	92.86	28	2	0	47	74	55864	55891	1.0E-5	40.1
EOSBI6J02GANF1	gi|121582553|ref|NC_008766.1|	100.0	20	0	0	112	131	63057	63038	1.0E-5	40.1
EOSBI6J02HTFH2	gi|121582553|ref|NC_008766.1|	100.0	19	0	0	198	216	459	477	5.0E-5	38.2
EOSBI6J01CP29H	gi|121582553|ref|NC_008766.1|	100.0	244	0	0	1	244	38251	38008	3.0E-139	484.0
EOSBI6J02IADQ1	gi|121582553|ref|NC_008766.1|	100.0	236	0	0	1	236	27387	27622	1.0E-134	468.0
EOSBI6J02GHNVY	gi|121582553|ref|NC_008766.1|	100.0	19	0	0	53	71	25180	25198	5.0E-5	38.2
EOSBI6J02IGU5T	gi|121582553|ref|NC_008766.1|	95.65	23	1	0	160	182	63424	63402	5.0E-5	38.2
EOSBI6J02GF2TK	gi|121582553|ref|NC_008766.1|	92.59	27	2	0	112	138	46241	46267	5.0E-5	38.2
EOSBI6J02JLH8B	gi|121582553|ref|NC_008766.1|	94.55	55	3	0	29	83	39285	39231	2.0E-19	85.7
EOSBI6J02H23DB	gi|121582553|ref|NC_008766.1|	100.0	19	0	0	105	123	4635	4653	5.0E-5	38.2
EOSBI6J01DZUQE	gi|121582553|ref|NC_008766.1|	95.65	23	1	0	121	143	53294	53272	5.0E-5	38.2
EOSBI6J02HN8Y5	gi|121582553|ref|NC_008766.1|	100.0	20	0	0	92	111	3957	3938	1.0E-5	40.1
EOSBI6J02FLTGE	gi|121582553|ref|NC_008766.1|	85.55	173	25	0	47	219	28434	28606	3.0E-37	145.0
EOSBI6J02IJBWW	gi|121582553|ref|NC_008766.1|	100.0	23	0	0	33	55	55860	55882	2.0E-7	46.1
EOSBI6J02INJLC	gi|121582553|ref|NC_008766.1|	90.0	50	5	0	4	53	28653	28702	1.0E-11	60.0
EOSBI6J02HZ4V2	gi|121582553|ref|NC_008766.1|	100.0	19	0	0	84	102	61186	61204	5.0E-5	38.2
EOSBI6J02GGSE6	gi|121582553|ref|NC_008766.1|	92.59	27	2	0	86	112	32149	32123	5.0E-5	38.2
EOSBI6J02IY0WU	gi|121582553|ref|NC_008766.1|	85.11	235	35	0	5	239	33078	32844	2.0E-50	188.0
EOSBI6J01EN5XI	gi|121582553|ref|NC_008766.1|	95.65	23	1	0	123	145	47322	47300	5.0E-5	38.2
EOSBI6J01DALZP	gi|121582553|ref|NC_008766.1|	100.0	25	0	0	62	86	31371	31347	1.0E-8	50.1
EOSBI6J02HCQNY	gi|121582553|ref|NC_008766.1|	89.04	73	8	0	170	242	28867	28939	4.0E-18	81.8
EOSBI6J01C7PF1	gi|121582553|ref|NC_008766.1|	100.0	19	0	0	157	175	56631	56613	5.0E-5	38.2
EOSBI6J01DH7IO	gi|121582553|ref|NC_008766.1|	100.0	20	0	0	142	161	13513	13532	1.0E-5	40.1
EOSBI6J01E3AII	gi|121582553|ref|NC_008766.1|	87.74	155	19	0	3	157	31384	31230	8.0E-41	157.0
EOSBI6J02JLV20	gi|121582553|ref|NC_008766.1|	100.0	19	0	0	10	28	14795	14777	5.0E-5	38.2
EOSBI6J01EPERY	gi|121582553|ref|NC_008766.1|	100.0	19	0	0	194	212	56879	56861	5.0E-5	38.2
EOSBI6J01C70GV	gi|121582553|ref|NC_008766.1|	83.33	60	10	0	76	135	9016	8957	1.0E-5	40.1
EOSBI6J02JJCSX	gi|121582553|ref|NC_008766.1|	100.0	24	0	0	197	220	41178	41155	5.0E-8	48.1
EOSBI6J01CLZXP	gi|121582553|ref|NC_008766.1|	100.0	19	0	0	168	186	60644	60626	5.0E-5	38.2
EOSBI6J02GF32B	gi|121582553|ref|NC_008766.1|	92.86	28	2	0	162	189	49282	49255	1.0E-5	40.1
EOSBI6J02GTBVJ	gi|121582553|ref|NC_008766.1|	100.0	22	0	0	122	143	50749	50728	8.0E-7	44.1
EOSBI6J02GSAMT	gi|121582553|ref|NC_008766.1|	100.0	22	0	0	169	190	311	290	8.0E-7	44.1
EOSBI6J02JWAIT	gi|121582553|ref|NC_008766.1|	100.0	20	0	0	196	215	4577	4558	1.0E-5	40.1
EOSBI6J02JTE8N	gi|121582553|ref|NC_008766.1|	100.0	19	0	0	190	208	49811	49829	5.0E-5	38.2
EOSBI6J01B6UI1	gi|121582553|ref|NC_008766.1|	95.65	23	1	0	92	114	46121	46099	5.0E-5	38.2
EOSBI6J01BZ75M	gi|121582553|ref|NC_008766.1|	95.83	24	1	0	2	25	16259	16282	1.0E-5	40.1
EOSBI6J02GF2IE	gi|121582553|ref|NC_008766.1|	86.89	122	16	0	1	122	33486	33365	2.0E-28	115.0
EOSBI6J01BIZVP	gi|121582553|ref|NC_008766.1|	100.0	19	0	0	112	130	13904	13922	5.0E-5	38.2
EOSBI6J02IV0B5	gi|121582553|ref|NC_008766.1|	100.0	25	0	0	63	87	31371	31347	1.0E-8	50.1
EOSBI6J02HZ1Q4	gi|121582553|ref|NC_008766.1|	100.0	21	0	0	62	82	4617	4597	3.0E-6	42.1
EOSBI6J02G53HK	gi|121582553|ref|NC_008766.1|	89.52	229	24	0	1	229	39417	39189	5.0E-73	264.0
EOSBI6J01CLFYH	gi|121582553|ref|NC_008766.1|	100.0	19	0	0	29	47	8733	8715	4.0E-5	38.2
EOSBI6J02GW3ZQ	gi|121582553|ref|NC_008766.1|	86.46	96	13	0	55	150	33535	33630	5.0E-20	87.7
EOSBI6J02IYKNN	gi|121582553|ref|NC_008766.1|	100.0	19	0	0	105	123	46026	46044	5.0E-5	38.2
EOSBI6J01EGJIO	gi|121582553|ref|NC_008766.1|	100.0	19	0	0	10	28	14795	14777	5.0E-5	38.2
EOSBI6J02GE9VH	gi|121582553|ref|NC_008766.1|	100.0	19	0	0	117	135	56335	56353	5.0E-5	38.2
EOSBI6J01EDONB	gi|121582553|ref|NC_008766.1|	100.0	202	0	0	1	202	38309	38108	2.0E-114	400.0
EOSBI6J01CSK7L	gi|121582553|ref|NC_008766.1|	95.83	24	1	0	118	141	34990	34967	1.0E-5	40.1
EOSBI6J01DQKWA	gi|121582553|ref|NC_008766.1|	100.0	19	0	0	191	209	30438	30420	5.0E-5	38.2
EOSBI6J02GT252	gi|121582553|ref|NC_008766.1|	95.65	23	1	0	212	234	61204	61182	5.0E-5	38.2
EOSBI6J02IPQKP	gi|121582553|ref|NC_008766.1|	100.0	19	0	0	13	31	33296	33278	5.0E-5	38.2
EOSBI6J02IIZ9N	gi|121582553|ref|NC_008766.1|	86.32	95	13	0	150	244	20840	20746	2.0E-19	85.7
EOSBI6J01CRIZK	gi|121582553|ref|NC_008766.1|	89.47	38	4	0	81	118	29363	29326	8.0E-7	44.1
EOSBI6J02FXU5Y	gi|121582553|ref|NC_008766.1|	95.65	23	1	0	177	199	47735	47757	5.0E-5	38.2
EOSBI6J01APDF9	gi|121582553|ref|NC_008766.1|	100.0	20	0	0	83	102	42283	42264	1.0E-5	40.1
EOSBI6J01DQD84	gi|121582553|ref|NC_008766.1|	99.61	254	1	0	1	254	38896	38643	2.0E-143	498.0
EOSBI6J02II5L1	gi|121582553|ref|NC_008766.1|	100.0	19	0	0	38	56	22483	22465	4.0E-5	38.2
EOSBI6J02JHHBW	gi|121582553|ref|NC_008766.1|	100.0	19	0	0	80	98	13771	13789	5.0E-5	38.2
EOSBI6J02G9XAV	gi|121582553|ref|NC_008766.1|	100.0	19	0	0	130	148	16922	16904	5.0E-5	38.2
EOSBI6J02JPJU2	gi|121582553|ref|NC_008766.1|	100.0	19	0	0	49	67	3026	3008	6.0E-5	38.2
EOSBI6J02IDW2B	gi|121582553|ref|NC_008766.1|	100.0	19	0	0	87	105	63573	63591	5.0E-5	38.2
EOSBI6J02HI1UK	gi|121582553|ref|NC_008766.1|	100.0	21	0	0	101	121	46185	46165	3.0E-6	42.1
EOSBI6J02GZFJ3	gi|121582553|ref|NC_008766.1|	100.0	20	0	0	101	120	51964	51945	1.0E-5	40.1
EOSBI6J01ATGUK	gi|121582553|ref|NC_008766.1|	95.65	23	1	0	146	168	25043	25021	4.0E-5	38.2
EOSBI6J01AZ6LB	gi|121582553|ref|NC_008766.1|	100.0	19	0	0	49	67	1866	1884	5.0E-5	38.2
EOSBI6J01CPMOE	gi|121582553|ref|NC_008766.1|	88.0	250	30	0	1	250	32649	32898	3.0E-71	258.0
EOSBI6J02GEKO8	gi|121582553|ref|NC_008766.1|	100.0	19	0	0	222	240	30655	30637	5.0E-5	38.2
EOSBI6J02HTOQ2	gi|121582553|ref|NC_008766.1|	100.0	20	0	0	109	128	21594	21575	1.0E-5	40.1
EOSBI6J01AMAIZ	gi|121582553|ref|NC_008766.1|	100.0	20	0	0	123	142	42263	42282	1.0E-5	40.1
EOSBI6J01CJDA2	gi|121582553|ref|NC_008766.1|	99.59	245	0	1	1	244	38166	37922	4.0E-135	470.0
EOSBI6J02HCK6P	gi|121582553|ref|NC_008766.1|	100.0	19	0	0	17	35	13628	13610	5.0E-5	38.2
EOSBI6J02IOAK3	gi|121582553|ref|NC_008766.1|	100.0	20	0	0	123	142	42263	42282	1.0E-5	40.1
EOSBI6J02I52RC	gi|121582553|ref|NC_008766.1|	100.0	19	0	0	63	81	50622	50640	5.0E-5	38.2
EOSBI6J01BSX7V	gi|121582553|ref|NC_008766.1|	100.0	20	0	0	72	91	58252	58271	1.0E-5	40.1
EOSBI6J02H7TLT	gi|121582553|ref|NC_008766.1|	100.0	20	0	0	156	175	13611	13630	1.0E-5	40.1
EOSBI6J02H7EGQ	gi|121582553|ref|NC_008766.1|	100.0	19	0	0	200	218	17766	17748	5.0E-5	38.2
EOSBI6J01BFKP4	gi|121582553|ref|NC_008766.1|	100.0	19	0	0	189	207	25179	25197	5.0E-5	38.2
EOSBI6J01ETB0A	gi|121582553|ref|NC_008766.1|	100.0	19	0	0	23	41	23391	23409	5.0E-5	38.2
EOSBI6J02IKLXH	gi|121582553|ref|NC_008766.1|	100.0	19	0	0	28	46	49461	49443	5.0E-5	38.2
EOSBI6J01EDW2B	gi|121582553|ref|NC_008766.1|	100.0	19	0	0	172	190	60072	60090	5.0E-5	38.2
EOSBI6J02JR9A0	gi|121582553|ref|NC_008766.1|	100.0	236	0	0	1	236	38345	38110	1.0E-134	468.0
EOSBI6J01BLD01	gi|121582553|ref|NC_008766.1|	100.0	20	0	0	18	37	20304	20285	1.0E-5	40.1
EOSBI6J02JDIDX	gi|121582553|ref|NC_008766.1|	100.0	23	0	0	11	33	3861	3839	2.0E-7	46.1
EOSBI6J01A15XY	gi|121582553|ref|NC_008766.1|	94.87	39	2	0	19	57	61751	61713	3.0E-12	61.9
EOSBI6J01CR629	gi|121582553|ref|NC_008766.1|	100.0	22	0	0	161	182	229	250	8.0E-7	44.1
EOSBI6J01C0DX0	gi|121582553|ref|NC_008766.1|	100.0	20	0	0	145	164	17462	17481	1.0E-5	40.1
EOSBI6J01DMAEU	gi|121582553|ref|NC_008766.1|	100.0	229	0	0	1	229	27367	27139	2.0E-130	454.0
EOSBI6J01C7QBC	gi|121582553|ref|NC_008766.1|	91.43	35	3	0	66	100	59269	59235	2.0E-7	46.1
EOSBI6J01CUEYY	gi|121582553|ref|NC_008766.1|	88.89	90	10	0	123	212	28074	28163	1.0E-23	99.6
EOSBI6J01AMSMH	gi|121582553|ref|NC_008766.1|	95.65	23	1	0	58	80	51215	51237	1.0E-5	38.2
EOSBI6J01CUE7X	gi|121582553|ref|NC_008766.1|	96.0	25	1	0	185	209	51440	51464	3.0E-6	42.1
EOSBI6J01CS4I4	gi|121582553|ref|NC_008766.1|	100.0	19	0	0	90	108	21138	21156	5.0E-5	38.2
EOSBI6J01C7ML5	gi|121582553|ref|NC_008766.1|	82.91	117	20	0	1	117	40604	40720	9.0E-16	73.8
EOSBI6J02HMQFF	gi|121582553|ref|NC_008766.1|	100.0	19	0	0	38	56	5120	5138	5.0E-5	38.2
EOSBI6J02JHSIB	gi|121582553|ref|NC_008766.1|	100.0	19	0	0	135	153	61466	61448	5.0E-5	38.2
EOSBI6J01BINI6	gi|121582553|ref|NC_008766.1|	100.0	19	0	0	232	250	49442	49460	5.0E-5	38.2
EOSBI6J01BRFLY	gi|121582553|ref|NC_008766.1|	100.0	238	0	0	1	238	38123	38360	1.0E-135	472.0
EOSBI6J01DX56P	gi|121582553|ref|NC_008766.1|	95.65	23	1	0	68	90	57891	57913	5.0E-5	38.2
EOSBI6J01CN1YH	gi|121582553|ref|NC_008766.1|	100.0	19	0	0	163	181	57184	57202	5.0E-5	38.2
EOSBI6J02I50Y0	gi|121582553|ref|NC_008766.1|	100.0	19	0	0	165	183	63589	63571	5.0E-5	38.2
EOSBI6J02FHJZD	gi|121582553|ref|NC_008766.1|	100.0	20	0	0	104	123	16533	16552	1.0E-5	40.1
EOSBI6J01A0DJS	gi|121582553|ref|NC_008766.1|	100.0	19	0	0	155	173	62820	62838	5.0E-5	38.2
EOSBI6J02I1SJ8	gi|121582553|ref|NC_008766.1|	100.0	20	0	0	235	254	51586	51567	1.0E-5	40.1
EOSBI6J01ESLT4	gi|121582553|ref|NC_008766.1|	100.0	19	0	0	113	131	63447	63429	4.0E-5	38.2
EOSBI6J02H55BF	gi|121582553|ref|NC_008766.1|	97.56	246	5	1	1	246	55594	55350	9.0E-124	432.0
EOSBI6J01CVA4U	gi|121582553|ref|NC_008766.1|	79.62	211	43	0	16	226	38365	38575	5.0E-17	77.8
EOSBI6J01AXLFR	gi|121582553|ref|NC_008766.1|	94.74	95	5	0	126	220	9617	9711	2.0E-38	149.0
EOSBI6J02GGG8D	gi|121582553|ref|NC_008766.1|	90.48	42	3	1	189	230	21596	21556	7.0E-7	44.1
EOSBI6J02HGHSW	gi|121582553|ref|NC_008766.1|	95.65	23	1	0	22	44	28326	28304	5.0E-5	38.2
EOSBI6J02IBP7Y	gi|121582553|ref|NC_008766.1|	100.0	19	0	0	80	98	13812	13794	5.0E-5	38.2
EOSBI6J01DIOG7	gi|121582553|ref|NC_008766.1|	92.59	27	2	0	109	135	41611	41585	4.0E-5	38.2
EOSBI6J01BRVJ0	gi|121582553|ref|NC_008766.1|	95.65	23	1	0	139	161	2408	2430	4.0E-5	38.2
EOSBI6J01CZ4WU	gi|121582553|ref|NC_008766.1|	95.65	23	1	0	226	248	17773	17795	5.0E-5	38.2
EOSBI6J01B1IV5	gi|121582553|ref|NC_008766.1|	100.0	19	0	0	218	236	25053	25071	5.0E-5	38.2
EOSBI6J01D49IC	gi|121582553|ref|NC_008766.1|	100.0	19	0	0	115	133	62195	62213	4.0E-5	38.2
EOSBI6J02I68IG	gi|121582553|ref|NC_008766.1|	99.58	240	0	1	1	240	28156	28394	4.0E-132	460.0
EOSBI6J01EBPEU	gi|121582553|ref|NC_008766.1|	100.0	20	0	0	134	153	34870	34851	1.0E-5	40.1
EOSBI6J01BAUF3	gi|121582553|ref|NC_008766.1|	100.0	19	0	0	218	236	61209	61191	5.0E-5	38.2
EOSBI6J01DTWVO	gi|121582553|ref|NC_008766.1|	79.67	241	49	0	9	249	31622	31862	2.0E-20	89.7
EOSBI6J02FP6SU	gi|121582553|ref|NC_008766.1|	100.0	195	0	0	59	253	27654	27848	5.0E-110	387.0
EOSBI6J02JKZLK	gi|121582553|ref|NC_008766.1|	80.15	136	27	0	5	140	37731	37866	2.0E-10	56.0
EOSBI6J01B78ZV	gi|121582553|ref|NC_008766.1|	100.0	19	0	0	104	122	56200	56218	5.0E-5	38.2
EOSBI6J01DW5AF	gi|121582553|ref|NC_008766.1|	100.0	19	0	0	15	33	51591	51609	5.0E-5	38.2
EOSBI6J02HY1SK	gi|121582553|ref|NC_008766.1|	100.0	20	0	0	66	85	25581	25562	1.0E-5	40.1
EOSBI6J01DSEMA	gi|121582553|ref|NC_008766.1|	92.59	27	2	0	74	100	13899	13925	5.0E-5	38.2
EOSBI6J01CVQI8	gi|121582553|ref|NC_008766.1|	89.09	55	6	0	1	55	28648	28702	3.0E-12	61.9
EOSBI6J01B914M	gi|121582553|ref|NC_008766.1|	100.0	20	0	0	98	117	24899	24880	1.0E-5	40.1
EOSBI6J01ELS9W	gi|121582553|ref|NC_008766.1|	100.0	19	0	0	168	186	28556	28574	5.0E-5	38.2
EOSBI6J02G23J7	gi|121582553|ref|NC_008766.1|	95.65	23	1	0	112	134	42026	42048	5.0E-5	38.2
EOSBI6J02G5VM0	gi|121582553|ref|NC_008766.1|	84.96	113	17	0	6	118	33518	33630	2.0E-20	89.7
EOSBI6J02H4COT	gi|121582553|ref|NC_008766.1|	100.0	19	0	0	32	50	1365	1383	5.0E-5	38.2
EOSBI6J02HC51N	gi|121582553|ref|NC_008766.1|	99.21	254	0	2	2	255	26681	26932	1.0E-135	472.0
EOSBI6J02JF073	gi|121582553|ref|NC_008766.1|	95.65	23	1	0	257	279	53611	53633	6.0E-5	38.2
EOSBI6J01D34Z2	gi|121582553|ref|NC_008766.1|	100.0	20	0	0	71	90	6946	6965	1.0E-5	40.1
EOSBI6J02F4KF4	gi|121582553|ref|NC_008766.1|	100.0	20	0	0	3	22	60647	60628	1.0E-5	40.1
EOSBI6J01BK9BT	gi|121582553|ref|NC_008766.1|	100.0	19	0	0	221	239	35516	35534	5.0E-5	38.2
EOSBI6J01CRQ0Z	gi|121582553|ref|NC_008766.1|	100.0	19	0	0	56	74	3540	3558	5.0E-5	38.2
EOSBI6J02F1LHK	gi|121582553|ref|NC_008766.1|	100.0	19	0	0	82	100	13310	13328	5.0E-5	38.2
EOSBI6J02HQX6O	gi|121582553|ref|NC_008766.1|	100.0	19	0	0	73	91	34435	34417	5.0E-5	38.2
EOSBI6J01AZLCI	gi|121582553|ref|NC_008766.1|	84.96	113	17	0	121	233	33630	33518	1.0E-20	89.7
EOSBI6J01EHE1R	gi|121582553|ref|NC_008766.1|	100.0	19	0	0	214	232	18353	18371	5.0E-5	38.2
EOSBI6J02HBV5D	gi|121582553|ref|NC_008766.1|	95.65	23	1	0	35	57	60009	60031	5.0E-5	38.2
EOSBI6J02IVO93	gi|121582553|ref|NC_008766.1|	95.83	24	1	0	131	154	12599	12622	1.0E-5	40.1
EOSBI6J01DO3NU	gi|121582553|ref|NC_008766.1|	100.0	19	0	0	95	113	1484	1502	5.0E-5	38.2
EOSBI6J02INF1R	gi|121582553|ref|NC_008766.1|	100.0	21	0	0	103	123	59069	59089	3.0E-6	42.1
EOSBI6J01DBU40	gi|121582553|ref|NC_008766.1|	99.55	222	1	0	1	222	37872	37651	8.0E-124	432.0
EOSBI6J01DA0UA	gi|121582553|ref|NC_008766.1|	95.65	23	1	0	197	219	37983	38005	5.0E-5	38.2
EOSBI6J02JC99B	gi|121582553|ref|NC_008766.1|	91.89	37	3	0	23	59	22293	22329	1.0E-8	50.1
EOSBI6J01ANYHG	gi|121582553|ref|NC_008766.1|	93.1	29	2	0	57	85	54419	54447	3.0E-6	42.1
EOSBI6J02GDWNT	gi|121582553|ref|NC_008766.1|	100.0	19	0	0	29	47	49461	49443	5.0E-5	38.2
EOSBI6J01A7GOB	gi|121582553|ref|NC_008766.1|	100.0	19	0	0	80	98	31660	31642	5.0E-5	38.2
EOSBI6J01BDEWE	gi|121582553|ref|NC_008766.1|	100.0	20	0	0	74	93	51840	51821	1.0E-5	40.1
EOSBI6J02G9GIF	gi|121582553|ref|NC_008766.1|	100.0	21	0	0	67	87	26257	26237	3.0E-6	42.1
EOSBI6J02HCXBV	gi|121582553|ref|NC_008766.1|	99.6	250	0	1	1	249	38489	38240	4.0E-138	480.0
EOSBI6J01DR813	gi|121582553|ref|NC_008766.1|	100.0	19	0	0	52	70	49349	49331	5.0E-5	38.2
EOSBI6J01E0R22	gi|121582553|ref|NC_008766.1|	100.0	19	0	0	110	128	57464	57446	5.0E-5	38.2
EOSBI6J01D2KL9	gi|121582553|ref|NC_008766.1|	95.83	24	1	0	81	104	8378	8355	1.0E-5	40.1
EOSBI6J01A88W0	gi|121582553|ref|NC_008766.1|	100.0	21	0	0	198	218	12522	12502	3.0E-6	42.1
EOSBI6J01AWEYV	gi|121582553|ref|NC_008766.1|	100.0	19	0	0	118	136	41382	41400	5.0E-5	38.2
EOSBI6J02IJ4QW	gi|121582553|ref|NC_008766.1|	100.0	19	0	0	97	115	2507	2489	6.0E-5	38.2
EOSBI6J01BPJ98	gi|121582553|ref|NC_008766.1|	100.0	19	0	0	190	208	24200	24182	5.0E-5	38.2
EOSBI6J01DLLV2	gi|121582553|ref|NC_008766.1|	100.0	19	0	0	90	108	46496	46514	5.0E-5	38.2
EOSBI6J01ELQZX	gi|121582553|ref|NC_008766.1|	100.0	23	0	0	96	118	17762	17784	2.0E-7	46.1
EOSBI6J02GXM54	gi|121582553|ref|NC_008766.1|	100.0	19	0	0	10	28	46144	46126	5.0E-5	38.2
EOSBI6J01D9GR9	gi|121582553|ref|NC_008766.1|	100.0	19	0	0	79	97	22287	22269	4.0E-5	38.2
EOSBI6J02F74XX	gi|121582553|ref|NC_008766.1|	100.0	229	0	0	1	229	28575	28347	2.0E-130	454.0
EOSBI6J02IYI91	gi|121582553|ref|NC_008766.1|	95.65	23	1	0	117	139	61190	61168	5.0E-5	38.2
EOSBI6J01EZ9RC	gi|121582553|ref|NC_008766.1|	100.0	19	0	0	131	149	44533	44515	5.0E-5	38.2
EOSBI6J01E3HUF	gi|121582553|ref|NC_008766.1|	100.0	19	0	0	105	123	21427	21445	5.0E-5	38.2
EOSBI6J02HVNI2	gi|121582553|ref|NC_008766.1|	95.65	23	1	0	209	231	59530	59552	5.0E-5	38.2
EOSBI6J01EPQXM	gi|121582553|ref|NC_008766.1|	89.57	211	22	0	33	243	21415	21205	4.0E-67	244.0
EOSBI6J01A14T5	gi|121582553|ref|NC_008766.1|	100.0	20	0	0	110	129	40070	40089	1.0E-5	40.1
EOSBI6J01CQ1F9	gi|121582553|ref|NC_008766.1|	98.65	223	3	0	1	223	27663	27441	1.0E-119	418.0
EOSBI6J01CYRIL	gi|121582553|ref|NC_008766.1|	100.0	176	0	0	1	176	38788	38613	7.0E-99	349.0
EOSBI6J01BJMOE	gi|121582553|ref|NC_008766.1|	92.86	28	2	0	34	61	63441	63414	4.0E-6	40.1
EOSBI6J01DXXPE	gi|121582553|ref|NC_008766.1|	96.0	25	1	0	139	163	18662	18638	3.0E-6	42.1
EOSBI6J02FQ63S	gi|121582553|ref|NC_008766.1|	100.0	20	0	0	117	136	34487	34506	1.0E-5	40.1
EOSBI6J01CPH86	gi|121582553|ref|NC_008766.1|	86.29	124	17	0	123	246	31402	31279	4.0E-27	111.0
EOSBI6J02GI4IV	gi|121582553|ref|NC_008766.1|	90.32	31	3	0	196	226	32491	32521	5.0E-5	38.2
EOSBI6J02FXPAM	gi|121582553|ref|NC_008766.1|	100.0	217	0	0	1	217	37632	37848	3.0E-123	430.0
EOSBI6J01CWP83	gi|121582553|ref|NC_008766.1|	100.0	19	0	0	90	108	17504	17486	5.0E-5	38.2
EOSBI6J01ETCO2	gi|121582553|ref|NC_008766.1|	100.0	21	0	0	150	170	63497	63517	3.0E-6	42.1
EOSBI6J01ALW5K	gi|121582553|ref|NC_008766.1|	100.0	19	0	0	155	173	58300	58282	5.0E-5	38.2
EOSBI6J01BSDK9	gi|121582553|ref|NC_008766.1|	100.0	20	0	0	116	135	61197	61178	1.0E-5	40.1
EOSBI6J01DNH1M	gi|121582553|ref|NC_008766.1|	95.65	23	1	0	105	127	62719	62697	4.0E-5	38.2
EOSBI6J02HRUPX	gi|121582553|ref|NC_008766.1|	95.83	24	1	0	186	209	16039	16062	1.0E-5	40.1
EOSBI6J01ESZ37	gi|121582553|ref|NC_008766.1|	99.6	252	0	1	10	261	38917	38667	3.0E-139	484.0
EOSBI6J02H7IOR	gi|121582553|ref|NC_008766.1|	100.0	21	0	0	202	222	54709	54689	3.0E-6	42.1
EOSBI6J02GXZE9	gi|121582553|ref|NC_008766.1|	86.05	43	6	0	203	245	31320	31278	5.0E-5	38.2
EOSBI6J02GAYA7	gi|121582553|ref|NC_008766.1|	100.0	233	0	0	1	233	27437	27669	9.0E-133	462.0
EOSBI6J01B9MDF	gi|121582553|ref|NC_008766.1|	100.0	19	0	0	230	248	48512	48530	5.0E-5	38.2
EOSBI6J02H6SKP	gi|121582553|ref|NC_008766.1|	100.0	238	0	0	1	238	26947	27184	1.0E-135	472.0
EOSBI6J02IQR2J	gi|121582553|ref|NC_008766.1|	100.0	20	0	0	192	211	26397	26378	1.0E-5	40.1
EOSBI6J02JLPYB	gi|121582553|ref|NC_008766.1|	95.83	24	1	0	9	32	4394	4417	1.0E-5	40.1
EOSBI6J01D7048	gi|121582553|ref|NC_008766.1|	95.65	23	1	0	16	38	45586	45564	5.0E-5	38.2
EOSBI6J01AGJ2F	gi|121582553|ref|NC_008766.1|	92.54	67	5	0	194	260	26622	26688	1.0E-21	93.7
EOSBI6J02JEGDN	gi|121582553|ref|NC_008766.1|	92.59	27	2	0	65	91	25085	25111	5.0E-5	38.2
EOSBI6J01AJNXC	gi|121582553|ref|NC_008766.1|	95.65	23	1	0	11	33	15453	15431	4.0E-5	38.2
EOSBI6J01CTDUC	gi|121582553|ref|NC_008766.1|	95.65	23	1	0	168	190	1138	1116	5.0E-5	38.2
EOSBI6J01EG3X2	gi|121582553|ref|NC_008766.1|	100.0	19	0	0	131	149	19765	19783	5.0E-5	38.2
EOSBI6J01B2YPA	gi|121582553|ref|NC_008766.1|	100.0	19	0	0	181	199	10625	10607	5.0E-5	38.2
EOSBI6J02HRYW0	gi|121582553|ref|NC_008766.1|	100.0	231	0	0	1	231	28316	28546	1.0E-131	458.0
EOSBI6J02GPG3K	gi|121582553|ref|NC_008766.1|	100.0	237	0	0	1	237	27663	27427	4.0E-135	470.0
EOSBI6J02HFTLP	gi|121582553|ref|NC_008766.1|	100.0	93	0	0	1	93	38825	38917	3.0E-49	184.0
EOSBI6J01DQGPZ	gi|121582553|ref|NC_008766.1|	95.65	23	1	0	68	90	59969	59991	5.0E-5	38.2
EOSBI6J02HFHMZ	gi|121582553|ref|NC_008766.1|	100.0	19	0	0	65	83	53385	53403	5.0E-5	38.2
EOSBI6J02JG3Z6	gi|121582553|ref|NC_008766.1|	90.91	33	3	0	204	236	29363	29331	3.0E-6	42.1
EOSBI6J01DQ8AR	gi|121582553|ref|NC_008766.1|	86.46	96	13	0	25	120	33630	33535	6.0E-20	87.7
EOSBI6J01AXJ4M	gi|121582553|ref|NC_008766.1|	90.32	31	3	0	161	191	31863	31833	5.0E-5	38.2
EOSBI6J01CZ0WA	gi|121582553|ref|NC_008766.1|	100.0	19	0	0	182	200	51589	51607	5.0E-5	38.2
EOSBI6J02HP70P	gi|121582553|ref|NC_008766.1|	100.0	235	0	0	1	235	27668	27434	6.0E-134	466.0
EOSBI6J02HT12Z	gi|121582553|ref|NC_008766.1|	100.0	19	0	0	29	47	5788	5806	5.0E-5	38.2
EOSBI6J01EDMLK	gi|121582553|ref|NC_008766.1|	100.0	21	0	0	83	103	8352	8332	3.0E-6	42.1
EOSBI6J01CD8QS	gi|121582553|ref|NC_008766.1|	100.0	20	0	0	68	87	23639	23620	1.0E-5	40.1
EOSBI6J01ENW7F	gi|121582553|ref|NC_008766.1|	100.0	19	0	0	92	110	42530	42548	5.0E-5	38.2
EOSBI6J02FQJ4Z	gi|121582553|ref|NC_008766.1|	100.0	201	0	0	60	260	26624	26824	1.0E-113	398.0
EOSBI6J02HE30Q	gi|121582553|ref|NC_008766.1|	100.0	22	0	0	218	239	11397	11418	9.0E-7	44.1
EOSBI6J01B630Z	gi|121582553|ref|NC_008766.1|	100.0	19	0	0	17	35	52026	52008	5.0E-5	38.2
EOSBI6J02FORHJ	gi|121582553|ref|NC_008766.1|	100.0	19	0	0	183	201	28121	28139	5.0E-5	38.2
EOSBI6J01B2TGD	gi|121582553|ref|NC_008766.1|	92.86	28	2	0	47	74	46131	46104	1.0E-5	40.1
EOSBI6J01BZ3LW	gi|121582553|ref|NC_008766.1|	100.0	19	0	0	230	248	20918	20936	5.0E-5	38.2
EOSBI6J02IQUE0	gi|121582553|ref|NC_008766.1|	96.0	25	1	0	109	133	25197	25173	3.0E-6	42.1
EOSBI6J02I0OOD	gi|121582553|ref|NC_008766.1|	95.65	23	1	0	219	241	871	893	5.0E-5	38.2
EOSBI6J01EQ53Q	gi|121582553|ref|NC_008766.1|	95.65	23	1	0	153	175	34419	34441	5.0E-5	38.2
EOSBI6J01EOLLV	gi|121582553|ref|NC_008766.1|	100.0	20	0	0	112	131	54687	54706	1.0E-5	40.1
EOSBI6J02IKIA3	gi|121582553|ref|NC_008766.1|	90.0	40	4	0	94	133	42266	42305	5.0E-8	48.1
EOSBI6J01A7UFC	gi|121582553|ref|NC_008766.1|	100.0	19	0	0	155	173	62820	62838	5.0E-5	38.2
EOSBI6J02JAGHL	gi|121582553|ref|NC_008766.1|	89.36	47	5	0	135	181	47320	47274	6.0E-10	54.0
EOSBI6J01AOA2B	gi|121582553|ref|NC_008766.1|	86.89	122	16	0	93	214	33365	33486	2.0E-28	115.0
EOSBI6J01AXSS0	gi|121582553|ref|NC_008766.1|	95.83	24	1	0	134	157	459	482	1.0E-5	40.1
EOSBI6J01CSLNE	gi|121582553|ref|NC_008766.1|	96.3	27	0	1	89	115	29046	29021	5.0E-5	38.2
EOSBI6J01BP8LJ	gi|121582553|ref|NC_008766.1|	88.99	227	25	0	23	249	39236	39462	2.0E-69	252.0
EOSBI6J01A7Y3C	gi|121582553|ref|NC_008766.1|	100.0	19	0	0	212	230	20973	20955	5.0E-5	38.2
EOSBI6J01D15AA	gi|121582553|ref|NC_008766.1|	95.83	24	1	0	123	146	34474	34497	1.0E-5	40.1
EOSBI6J02H1OCJ	gi|121582553|ref|NC_008766.1|	100.0	19	0	0	197	215	17688	17706	4.0E-5	38.2
EOSBI6J01ES4K7	gi|121582553|ref|NC_008766.1|	100.0	19	0	0	181	199	46850	46868	5.0E-5	38.2
EOSBI6J01DREKA	gi|121582553|ref|NC_008766.1|	100.0	19	0	0	2	20	61621	61639	5.0E-5	38.2
EOSBI6J02IGHSD	gi|121582553|ref|NC_008766.1|	100.0	21	0	0	57	77	3997	4017	3.0E-6	42.1
EOSBI6J01A5L4J	gi|121582553|ref|NC_008766.1|	95.65	23	1	0	152	174	13445	13423	5.0E-5	38.2
EOSBI6J02G148O	gi|121582553|ref|NC_008766.1|	100.0	223	0	0	1	223	37658	37880	8.0E-127	442.0
EOSBI6J01B1LTU	gi|121582553|ref|NC_008766.1|	100.0	20	0	0	115	134	57355	57374	1.0E-5	40.1
EOSBI6J01D0I52	gi|121582553|ref|NC_008766.1|	95.65	23	1	0	119	141	46740	46762	5.0E-5	38.2
EOSBI6J01B6RBZ	gi|121582553|ref|NC_008766.1|	86.29	124	17	0	123	246	31402	31279	4.0E-27	111.0
EOSBI6J01CFAXT	gi|121582553|ref|NC_008766.1|	100.0	240	0	0	1	240	27397	27636	6.0E-137	476.0
EOSBI6J02I44BI	gi|121582553|ref|NC_008766.1|	95.65	23	1	0	50	72	20252	20274	5.0E-5	38.2
EOSBI6J01CANU3	gi|121582553|ref|NC_008766.1|	100.0	19	0	0	10	28	14795	14777	5.0E-5	38.2
EOSBI6J01BFYZT	gi|121582553|ref|NC_008766.1|	100.0	19	0	0	79	97	6948	6966	5.0E-5	38.2
EOSBI6J02IZUSA	gi|121582553|ref|NC_008766.1|	100.0	20	0	0	211	230	13629	13610	1.0E-5	40.1
EOSBI6J02H2PHM	gi|121582553|ref|NC_008766.1|	95.65	23	1	0	114	136	58270	58248	5.0E-5	38.2
EOSBI6J02IUG0I	gi|121582553|ref|NC_008766.1|	89.3	215	23	0	27	241	39236	39450	4.0E-67	244.0
EOSBI6J01C56YN	gi|121582553|ref|NC_008766.1|	100.0	25	0	0	62	86	31371	31347	1.0E-8	50.1
EOSBI6J02GL41K	gi|121582553|ref|NC_008766.1|	100.0	20	0	0	17	36	25408	25389	1.0E-5	40.1
EOSBI6J02I8EXT	gi|121582553|ref|NC_008766.1|	100.0	243	0	0	1	243	38445	38203	1.0E-138	482.0
EOSBI6J02IB7I0	gi|121582553|ref|NC_008766.1|	100.0	20	0	0	161	180	19489	19508	1.0E-5	40.1
EOSBI6J02FW0NX	gi|121582553|ref|NC_008766.1|	95.65	23	1	0	202	224	45587	45565	5.0E-5	38.2
EOSBI6J02F4997	gi|121582553|ref|NC_008766.1|	84.11	151	24	0	62	212	33188	33338	2.0E-26	109.0
EOSBI6J01B9AX0	gi|121582553|ref|NC_008766.1|	100.0	19	0	0	82	100	41089	41071	6.0E-5	38.2
EOSBI6J01B81V6	gi|121582553|ref|NC_008766.1|	100.0	19	0	0	161	179	51682	51664	5.0E-5	38.2
EOSBI6J02GZYQ0	gi|121582553|ref|NC_008766.1|	100.0	19	0	0	9	27	59693	59711	4.0E-5	38.2
EOSBI6J01B2YXM	gi|121582553|ref|NC_008766.1|	83.78	74	12	0	153	226	38991	38918	3.0E-9	52.0
EOSBI6J01CDQEH	gi|121582553|ref|NC_008766.1|	84.43	212	33	0	9	220	32858	33069	2.0E-41	159.0
EOSBI6J01ESIDM	gi|121582553|ref|NC_008766.1|	100.0	20	0	0	57	76	18799	18818	1.0E-5	40.1
EOSBI6J01BELW2	gi|121582553|ref|NC_008766.1|	100.0	19	0	0	67	85	40290	40272	5.0E-5	38.2
EOSBI6J02H7P15	gi|121582553|ref|NC_008766.1|	100.0	22	0	0	137	158	4055	4076	8.0E-7	44.1
EOSBI6J02GJEAM	gi|121582553|ref|NC_008766.1|	100.0	20	0	0	208	227	50743	50762	1.0E-5	40.1
EOSBI6J01CIYXH	gi|121582553|ref|NC_008766.1|	100.0	19	0	0	84	102	21019	21001	5.0E-5	38.2
EOSBI6J02GRNT1	gi|121582553|ref|NC_008766.1|	100.0	225	0	0	1	225	27006	27230	5.0E-128	446.0
EOSBI6J02JS83R	gi|121582553|ref|NC_008766.1|	92.86	28	2	0	95	122	51652	51679	1.0E-5	40.1
EOSBI6J02JUAQI	gi|121582553|ref|NC_008766.1|	84.25	127	20	0	23	149	33504	33630	9.0E-22	93.7
EOSBI6J02HDL8S	gi|121582553|ref|NC_008766.1|	100.0	223	0	0	1	223	28401	28623	8.0E-127	442.0
EOSBI6J01EINU4	gi|121582553|ref|NC_008766.1|	89.47	38	4	0	19	56	29326	29363	8.0E-7	44.1
EOSBI6J01EN5XF	gi|121582553|ref|NC_008766.1|	95.65	23	1	0	124	146	47322	47300	5.0E-5	38.2
EOSBI6J02HSZEE	gi|121582553|ref|NC_008766.1|	100.0	20	0	0	128	147	19234	19215	1.0E-5	40.1
EOSBI6J01DYBU5	gi|121582553|ref|NC_008766.1|	100.0	24	0	0	70	93	57072	57049	5.0E-8	48.1
EOSBI6J01CUQB3	gi|121582553|ref|NC_008766.1|	82.73	110	19	0	48	157	50196	50087	6.0E-14	67.9
EOSBI6J01A99JK	gi|121582553|ref|NC_008766.1|	87.95	83	10	0	128	210	38602	38520	2.0E-19	85.7
EOSBI6J01EAV8Y	gi|121582553|ref|NC_008766.1|	97.14	105	3	0	71	175	26452	26556	2.0E-49	184.0
EOSBI6J01BV6RA	gi|121582553|ref|NC_008766.1|	86.89	122	16	0	15	136	33486	33365	2.0E-28	115.0
EOSBI6J01BR3R9	gi|121582553|ref|NC_008766.1|	100.0	20	0	0	161	180	19489	19508	1.0E-5	40.1
EOSBI6J02IRVKB	gi|121582553|ref|NC_008766.1|	100.0	19	0	0	126	144	52064	52046	5.0E-5	38.2
EOSBI6J02JFUWH	gi|121582553|ref|NC_008766.1|	95.65	23	1	0	255	277	53611	53633	5.0E-5	38.2
EOSBI6J01CX36S	gi|121582553|ref|NC_008766.1|	100.0	23	0	0	11	33	3861	3839	2.0E-7	46.1
EOSBI6J01BT4LL	gi|121582553|ref|NC_008766.1|	100.0	19	0	0	181	199	51371	51353	5.0E-5	38.2
EOSBI6J01CURA3	gi|121582553|ref|NC_008766.1|	100.0	19	0	0	172	190	13621	13603	5.0E-5	38.2
EOSBI6J01B4RDH	gi|121582553|ref|NC_008766.1|	89.55	67	7	0	1	67	28933	28867	6.0E-17	77.8
EOSBI6J02GERVM	gi|121582553|ref|NC_008766.1|	93.85	65	3	1	133	197	43522	43459	2.0E-20	89.7
EOSBI6J02GJK2X	gi|121582553|ref|NC_008766.1|	100.0	239	0	0	1	239	38087	37849	2.0E-136	474.0
EOSBI6J02ILVZL	gi|121582553|ref|NC_008766.1|	100.0	19	0	0	91	109	25146	25164	2.0E-5	38.2
EOSBI6J01D59TO	gi|121582553|ref|NC_008766.1|	100.0	19	0	0	203	221	16625	16607	4.0E-5	38.2
EOSBI6J01AN74Z	gi|121582553|ref|NC_008766.1|	100.0	236	0	0	1	236	26879	27114	1.0E-134	468.0
EOSBI6J01EQ2Y3	gi|121582553|ref|NC_008766.1|	95.65	23	1	0	31	53	18423	18445	5.0E-5	38.2
EOSBI6J02GYRFV	gi|121582553|ref|NC_008766.1|	95.83	24	1	0	7	30	56710	56733	1.0E-5	40.1
EOSBI6J01DMLEU	gi|121582553|ref|NC_008766.1|	100.0	20	0	0	202	221	4890	4909	1.0E-5	40.1
EOSBI6J02HS5ZP	gi|121582553|ref|NC_008766.1|	100.0	20	0	0	200	219	1990	1971	1.0E-5	40.1
EOSBI6J02GT90U	gi|121582553|ref|NC_008766.1|	87.5	72	9	0	22	93	38989	38918	4.0E-15	71.9
EOSBI6J02GPJMA	gi|121582553|ref|NC_008766.1|	100.0	19	0	0	105	123	16293	16275	5.0E-5	38.2
EOSBI6J02GNDJH	gi|121582553|ref|NC_008766.1|	100.0	19	0	0	76	94	20579	20561	6.0E-5	38.2
EOSBI6J01BM5RL	gi|121582553|ref|NC_008766.1|	89.21	139	15	0	7	145	39327	39189	8.0E-41	157.0
EOSBI6J02GHHF8	gi|121582553|ref|NC_008766.1|	100.0	19	0	0	190	208	14984	14966	5.0E-5	38.2
