sampleID	line	tissue	ratID	cage	condition	numSequences	shannonDiversity	rarifiedRichness50	unrarifiedRichness	Actinobacteria	Alphaproteobacteria	Bacilli	Bacteroidia	Betaproteobacteria	Chloroplast	Clostridia	Cytophagia	Deferribacteres	Deltaproteobacteria	Epsilonproteobacteria	Erysipelotrichia	Flavobacteriia	Fusobacteriia	Gammaproteobacteria	Methanobacteria	Mollicutes	Negativicutes	Opitutae	Sphingobacteriia	Spirochaetia	Thermoplasmata	Verrucomicrobiae
sample0001	Low	Cecal Content	LSMK5	A	Exp	27789	1.04698032010337	11.72	12	2.294219423574234	0.9167230787153768	4.039612899584524	3.4561086841136803	2.0946001720536946	0.0	4.275473556057088	0.0	0.0	1.281891675187756	2.430460813476038	2.3492584157278276	0.0	0.0	1.7039497406019846	0.0	0.5338192407291391	1.6826706197985226	0.0	0.0	0.0	0.0	0.0
sample0002	Low	Cecal Content	LSMJ7	B	Exp	25063	1.1388183396448388	12.0	12	2.2757685404553203	1.824089949921784	3.6249184157190357	3.48139246198691	1.9108496648531288	0.0	4.340126078633197	0.0	0.0	1.3244997103932363	2.6252929089524106	3.548894979543123	0.0	0.0	1.9582157277902996	0.0	1.2655053087438728	1.7479464471705042	0.0	0.0	0.0	0.0	0.0
sample0003	High	Cecal Content	HSMJ7	D	Exp	24080	0.9604327385399528	13.38	14	1.8233791284527567	1.4815017172000575	3.764190595166382	3.479307243892202	1.6320828942495385	0.0	4.370812038730249	0.0	0.9018489613904621	1.6028427931975961	2.6562139522129273	2.615585168468469	0.0	0.0	2.247543020318375	0.0	1.5714909883428254	1.5376985592031591	0.0	0.0	0.0	0.0	0.379384285470512
sample0004	Low	Cecal Content	LSMK6	A	control	33128	1.235792126260812	12.78	14	2.3071700552075165	1.7984635505784337	3.8883527799213304	3.87422622754335	2.429393448269826	0.0	4.226513812143271	0.0	0.48124477843413427	1.3483147844997105	2.744940073512438	2.5551566495356983	0.0	0.0	1.2362590521305936	0.0	0.0	1.7220561954309765	0.0	0.0	0.3041263031272804	0.6066962134925551	0.0
sample0005	Low	Cecal Content	LSMJ8	B	control	27921	1.1354467029207171	11.98	12	2.1289968859470743	1.5551017549759847	3.7067579535254467	3.6144395808437992	2.075327832087898	0.0	4.323096382082186	0.0	0.0	1.306543088985817	2.0191094032496535	3.455518673230433	0.0	0.0	1.5551017549759847	0.0	0.846172860378165	1.7320127044553946	0.0	0.0	0.0	0.0	0.0
sample0006	High	Cecal Content	HSMJ8	D	control	21655	0.9897340514907613	12.0	12	1.9439651243252318	1.4840476993798333	3.785271486971062	3.546382687613543	1.7304414531042216	0.0	4.3565755150716905	0.0	0.0	1.5056111375697536	2.230794396665532	2.847523331681302	0.0	0.0	2.0919632675357382	0.0	1.3851681504663251	1.6164145589405121	0.0	0.0	0.0	0.0	0.0
sample0007	Low	Cecal Content	LSMK7	A	Exp	31294	1.1493079852085102	12.66	13	2.1610175782068723	1.3517012849918897	4.059310606122393	3.6400648727954037	2.403690417873501	0.0	4.222353930056746	0.0	0.8040555993325236	1.6212038742510815	2.455674311305437	2.3925029525072854	0.0	0.0	1.7378896984158776	0.6254423391547776	0.0	1.5982995707676884	0.0	0.0	0.0	0.0	0.0
sample0008	Low	Cecal Content	LSML5	C	Exp	54460	1.2873875879135233	11.94	12	2.1475000957606842	1.1988798427601024	3.8627080611607147	3.4595698850864007	2.6307837646548675	0.0	4.240208008208802	0.0	0.0	1.2315234907432782	1.8788521876397417	3.7252722970207337	0.0	0.0	1.3657155402107517	0.0	0.9244887857909605	1.5656855943065748	0.0	0.0	0.0	0.0	0.0
sample0009	Low	Cecal Content	LSMK8	A	control	16610	1.152938391410792	12.64	13	2.206332351945706	1.6950615781951017	3.978970557963449	3.7340491209280717	2.2859737984122175	0.0	4.246338132228168	0.0	1.36647937270189	1.2834599138627687	2.383343524703647	2.386962837799735	0.0	0.0	1.1185296254400645	0.0	0.4804384136669635	1.934327113062414	0.0	0.0	0.0	0.0	0.0
sample0010	Low	Cecal Content	LSML6	C	control	24230	0.8174425471710247	11.4	12	2.459493085312229	0.8994910305543709	3.6337552365568877	3.130000829951495	1.6826058088810867	0.0	4.414010170355848	0.0	0.3778152542652899	1.172251308444351	2.0596287305149614	3.1667940623852884	0.0	0.0	1.0296909299075023	0.0	0.0	1.8115254351500463	0.0	0.0	0.0	0.0	0.0
sample0011	Low	Cecal Content	LSMJ5	B	Exp	26327	1.1234788669829778	11.82	12	2.029123005659977	1.4236830923181083	3.9004374936998505	3.749889106591117	2.202121680580867	0.0	4.278093910751405	0.0	0.0	1.463584859402374	2.292874262869765	2.6679997183576436	0.0	0.0	1.4440920726692341	0.0	0.5505547689827586	1.737240785282468	0.0	0.0	0.0	0.0	0.0
sample0012	Low	Cecal Content	LSML7	C	Exp	40323	1.1073919577434659	12.34	13	2.215720022775002	1.2261647842841397	3.651288495429058	3.3292565734397357	2.088720933904221	0.0	4.335271648969909	0.0	0.0	1.3046287250808648	2.1668190203626194	3.67677935528966	0.0	0.0	1.8760196906869964	0.0	1.2471492598601668	1.630083171643589	0.0	0.0	0.42596518457827715	0.0	0.0
sample0013	Low	Cecal Content	LSMJ6	B	control	21774	1.2033635708365347	11.92	12	2.0614458478325823	1.4351230907877595	4.094204584323995	3.8134980256450355	2.3692643703357574	0.0	4.137116799571242	0.0	0.0	1.3234965804514525	2.420528887300665	2.351732208228161	0.0	0.0	1.5033056016354087	0.0	0.7504820447799069	1.6748297767296607	0.0	0.0	0.0	0.0	0.0
sample0014	High	Cecal Content	HSMJ6	D	control	27283	1.09270996767358	12.38	13	2.0189308096131238	1.5347051405520153	3.7545336794314217	3.6598256855807025	2.0852832350889967	0.0	4.3327620204217006	0.0	0.0	1.5347051405520153	2.1936339515163255	3.044625544187753	0.0	0.0	2.3428703157788933	0.0	1.448636091933528	1.579192893792077	0.0	0.0	0.34861862112238456	0.0	0.0
sample0015	Low	Cecal Content	LSMA1	G	Exp	39295	1.002084750049219	13.66	15	2.8269919984028156	0.5521045075704953	4.253692685447203	2.9647156310881235	1.4394718825289332	0.0	4.123679951561645	0.0	1.1913697399311247	1.1913697399311247	2.5512987879794724	2.3388572507562064	0.0	0.0	1.896615485863571	0.7222731208606912	1.4257573737024272	1.6576905621308498	0.0	0.0	0.0	0.0	0.26837272492904235
sample0016	High	Cecal Content	HSMA1	L	Exp	33141	0.9551795220963011	12.58	13	2.450023664691056	0.9595801928911822	3.9846822439850365	3.1392153765488513	1.549898057274757	0.0	4.32912831466715	0.0	0.606567973964744	1.2609416255592554	2.035328386824904	2.77240294786252	0.0	0.0	2.1458362074873776	0.0	1.2360985525400954	1.6079112943780112	0.0	0.0	0.0	0.0	0.0
sample0017	High	Cecal Content	HSMC1	O	Exp	48178	0.9850021720941508	11.5	13	2.0750728251676978	1.5547655984177495	3.668256794830005	3.5400861544000866	2.0673602310448116	0.0	4.3754101543099635	0.0	0.22979866186562484	1.617550506602247	2.76282215362414	2.8632288973075166	0.0	0.0	1.9242654677183373	0.0	0.22979866186562484	1.6319243921245323	0.0	0.0	0.0	0.0	0.0
sample0018	Low	Cecal Content	LSMB1	H	control	25234	0.9947078151020105	14.44	15	2.5742452282042523	1.348419667832634	3.650040101316865	3.5874887195005454	1.9862185781279031	0.0	4.373767775880061	0.0	1.1558272968699452	1.348419667832634	2.7744453148113983	2.330533405707321	0.0	0.0	2.322351841651048	0.953745725514315	0.8011617230026267	1.8298241264709174	0.0	0.0	0.0	0.36765748944152926	0.0
sample0019	High	Cecal Content	HSMA2	L	control	33966	1.1845154276547845	13.38	14	2.437818258069031	1.1997353777684447	3.880909476514789	3.4951474920775807	2.398460620975821	0.0	4.303587272685826	0.0	0.7742560155535472	1.7512788785038702	2.567042950474957	3.197540236746234	0.0	0.0	2.253026070012367	0.0	1.0371415995284687	1.457881675182735	0.0	0.0	0.4740078668130116	0.0	0.0
sample0020	High	Cecal Content	HSMC2	O	control	23199	0.9365931013975626	12.94	14	2.0783517627468813	1.1472385357698451	3.6269765487343264	3.6572298255035145	2.1808035246390536	0.0	4.376790283093749	0.0	0.38888718172843806	1.5354691170231356	2.324327596395619	2.54415605635146	0.0	0.0	1.8012827099717799	0.0	1.5167388786591343	1.6478992551278127	0.38888718172843806	0.0	0.0	0.0	0.0
sample0021	Low	Cecal Content	LSMB2	H	Exp	26265	1.1210825655459804	13.82	15	2.230126564422169	1.7066712839245022	3.7659325546663647	3.571445512012356	2.2910596999801323	0.0	4.338528988168937	0.0	1.672619697936264	1.6356693468888612	2.6212461675926835	3.018029747026515	0.0	0.0	2.3022837348443446	0.3578105317274523	1.566104173107323	1.6356693468888612	0.0	0.0	0.3578105317274523	0.0	0.0
sample0022	High	Cecal Content	HSMB1	M	Exp	44219	1.3450126415166903	11.58	12	2.5419219784411795	1.2666484338648982	3.9122590143405533	3.3652441772963666	2.5352376893072237	0.0	4.19759330386261	0.0	0.0	0.849984656138406	2.0884343360930515	3.804587070563036	0.0	0.0	1.9682401281553432	0.0	0.5158345035461204	1.7088750463788123	0.0	0.0	0.0	0.0	0.0
sample0023	High	Cecal Content	HSMC3	P	Exp	16481	1.2206527420141637	12.92	13	2.9463619141809727	0.8522669940546294	3.999178564047397	3.206729249261727	2.236190110223316	0.0	4.2531977966733905	0.0	1.1216588936958753	1.183891763349961	1.9950388002196047	3.4453066643538213	0.0	0.0	1.6209343986087428	0.0	1.641628386362695	1.661380998707478	0.0	0.0	0.0	0.0	0.0
sample0024	Low	Cecal Content	LSMC1	I	control	25902	0.9423398588540707	12.44	13	1.9038161608173456	1.056074079182819	3.7556722857572145	3.3251591589908744	1.310887593727004	0.0	4.380785458792429	0.0	0.3612133058070996	1.4890772451610719	2.6833079436215246	2.9176972768560767	0.0	0.0	2.436843152250422	0.0	1.1838402766351257	1.4509079117419523	0.0	0.0	0.0	0.0	0.0
sample0025	High	Cecal Content	HSMB2	M	control	28776	1.2415736407825617	12.4	13	2.676776615058309	1.923800799153142	3.8377350372040815	3.6628158789263243	2.079566707326234	0.0	4.282599032393422	0.0	0.33600144461267745	1.7736808983638113	2.13868857151985	3.280283475061302	0.0	0.0	1.9177144251805394	0.0	1.6890971127519605	1.6678332964308422	0.0	0.0	0.0	0.0	0.0
sample0026	High	Cecal Content	HSMC4	P	control	36062	1.355895146365533	12.0	12	2.279102095944336	1.2719328889011994	3.970490290147897	3.6310410903047825	2.5034351649028888	0.0	4.176494484665986	0.0	0.0	1.3855105734171076	1.9696339263179883	3.6281926704020675	0.0	0.0	1.4887924264028296	0.0	1.4328090595812646	1.4754585049500097	0.0	0.0	0.0	0.0	0.0
sample0027	Low	Cecal Content	LSMC2	J	Exp	38414	1.1887337788894459	12.44	14	2.2117235656414493	1.391249915396017	3.595584981728404	3.7789685822705463	2.2388555620349084	0.0	4.3139252540084065	0.0	0.2729398302745522	1.3246712798758409	2.8312583249750505	3.262675323281914	0.0	0.0	2.025175436014113	0.0	0.7957694158641927	1.7352700202478224	0.0	0.0	0.0	0.2729398302745522	0.0
sample0028	High	Cecal Content	HSMB3	N	Exp	35000	1.4016291131909087	12.22	13	2.3127960634789417	1.430100702180155	3.9459460201093517	3.789903352867931	2.568931979163423	0.0	4.183204198405372	0.0	0.4654003657481576	1.654779979506613	3.0632999098160902	3.10518240730943	0.0	0.0	2.364389875562109	0.0	0.5888514968399614	1.746037265783505	0.0	0.0	0.0	0.0	0.0
sample0029	Low	Cecal Content	LSMC3	K	control	33578	1.1318260471858623	12.44	13	2.272151032221081	1.1464169111153966	4.010016846647922	3.255100603107703	1.832815428154767	0.0	4.274029784795973	0.0	0.0	1.3427196339292573	2.433279232023119	3.315020630955718	0.47732867192241113	0.0	1.9297263558105409	0.0	0.845364701084501	1.8132196610185625	0.0	0.0	0.0	0.0	0.0
sample0031	High	Cecal Content	HSMF1	W	control	28080	1.0609114909961717	11.9	12	2.059495961813399	0.8440590164725044	4.118287684929477	3.5525981368938258	1.7755090506273732	0.0	4.212363828427393	0.0	0.0	1.4730445687197036	2.031417587442127	2.2621935153393053	0.0	0.0	1.7391723279604718	0.0	0.7624248398306804	1.6558701589217888	0.0	0.0	0.0	0.0	0.0
sample0032	High	Cecal Content	HSMF2	W	Exp	32670	1.0613868410578382	12.66	14	2.338495812832937	1.0525129402102171	4.0322037880874415	3.502733194792082	1.985216458878113	0.0	4.2727168154598045	0.0	0.3071813412438884	1.4889362963037531	2.3021896087602394	2.3738922355252177	0.0	0.0	1.8381117452008355	0.0	0.6112546423787723	1.7279883963894114	0.0	0.0	0.0	0.0	0.6112546423787723
sample0033	Low	Cecal Content	LSMD3	R	control	35683	1.097079030472141	11.98	12	2.1501750781083215	1.0553213182024033	3.6401474495069435	3.5465510455909337	1.793855803810364	0.0	4.343307116059905	0.0	0.0	1.3552349929362695	2.113978490268095	3.493478184691691	0.0	0.0	2.0744885016055084	0.0	1.5766364095024936	1.6372466742530272	0.0	0.0	0.0	0.0	0.0
sample0034	High	Cecal Content	HSMD2	U	control	43023	1.0395294088414269	11.92	12	2.209223393718181	1.2954486127530227	3.7309021167770564	3.6457332853762745	2.097545553534712	0.0	4.349460484694459	0.0	0.0	1.665576113164296	2.777052921992428	2.395475074305214	0.0	0.0	2.256803992414456	0.0	0.9046738797564855	1.78631808098725	0.0	0.0	0.0	0.0	0.0
sample0035	Low	Cecal Content	LSME1	S	Exp	40176	1.2217476655906392	13.28	14	2.023443571847977	1.605406978389726	3.801678394319511	3.804308343331091	2.1270499124923004	0.0	4.276261531628033	0.0	0.4269571961522929	1.3877172321399354	2.9506432607371145	2.6343713978931995	0.0	0.0	1.9144914273232871	0.0	2.324136793859714	1.9645636333897174	0.0	0.0	0.4269571961522929	0.0	0.0
sample0036	High	Cecal Content	HSMD3	U	Exp	40845	1.2209477088633842	12.2	13	2.376448653297346	1.8656675724014558	4.001202770093158	3.5175274881122007	2.173422475608249	0.0	4.257002024553282	0.0	0.26070865597268944	1.5508670621197473	2.3204291260070664	2.961415975918563	0.0	0.0	2.3485415997123615	0.0	2.4392536660105546	2.0128852800463353	0.0	0.0	0.0	0.0	0.0
sample0037	Low	Cecal Content	LSME2	S	control	27469	1.340383884036786	12.42	13	2.0867296638767026	1.0328675287722384	3.7680233314968268	3.859464411724443	2.0551528354398587	0.0	4.2329624293003105	0.0	0.34699261444349816	1.7389704937764467	3.3227528257012966	2.816539941289698	0.0	0.0	2.251332651498286	0.0	2.040883928199428	1.8420050289466003	0.0	0.0	0.0	0.0	0.0
sample0038	High	Cecal Content	HSME1	V	control	36222	1.4287700307517055	12.98	14	2.855616784561674	0.7511520106460854	3.550487696962772	3.6236908600357864	2.9009202391876303	0.0	4.232543464929639	0.0	0.0	1.6116150682270365	2.447512540743621	3.8229173655470006	0.0	0.0	2.319726475984732	0.970766531118762	1.5124279345631857	1.5246355754697412	0.0	0.0	0.0	0.2850326765687868	0.0
sample0039	Low	Cecal Content	LSMF1	T	Exp	38511	1.0388566993560744	11.9	12	2.102586459912573	0.7948496246010092	3.808080399512454	3.499627163733114	1.3052587628826011	0.0	4.344521672068512	0.0	0.0	1.148848497781935	2.5114945783901974	3.1107921874781805	0.0	0.0	1.9827502042156424	0.0	1.2860781862835038	1.3412515903751263	0.0	0.0	0.0	0.0	0.0
sample0040	High	Cecal Content	HSME2	V	Exp	46282	1.13593594876582	12.5	14	2.332798814783778	1.4096791673017715	3.7015226411041864	3.6557468812634157	2.26983345981351	0.0	4.330707752227358	0.0	0.23704801559884858	1.545595924307657	2.5637093761433443	3.232645365831041	0.0	0.0	1.7922964966996722	0.9873240800973325	0.0	1.5272597810463107	0.0	0.0	0.0	0.23704801559884858	0.0
sample0041	Low	Cecal Content	LSMD1	R	control	27073	1.2030162429528277	13.18	15	2.2393543918341123	1.5681287778345199	4.0659307602191666	3.7297961303833254	2.2235377687763505	0.0	4.1877344735452615	0.0	0.35047383700607543	1.39061960889397	2.5034341801014945	2.47549628318509	0.0	0.35047383700607543	1.863248914539447	0.0	1.848221405025681	1.5055450839734383	0.0	0.0	0.0	0.0	0.35047383700607543
sample0042	Low	Cecal Content	LSMF2	T	control	39157	1.1926288267629157	12.38	13	1.754186889619626	1.5786378389016416	3.762484709688079	3.8960757226312133	2.272342208673385	0.0	4.265230038118252	0.0	0.2690776733792783	1.5686914212341272	2.730938534601432	2.61855017664839	0.0	0.0	1.7200617221046883	0.0	2.177004617842508	1.7858248810103934	0.0	0.0	0.0	0.0	0.0
sample0044	Low	Cecal Content	LSMD2	R	Exp	25725	1.0282449733090353	12.0	12	2.156476698816558	1.9405631434040604	3.68664283873567	3.737785432219244	2.0338602825683916	0.0	4.345788729917072	0.0	0.0	1.453780735527772	2.4418658980521206	2.3275730948959565	0.0	0.0	2.092661146035291	0.0	1.9596517269455125	1.6444847189598122	0.0	0.0	0.0	0.0	0.0
sample0045	High	Cecal Content	HSMD1	U	Exp	41983	1.288588724905889	12.24	13	2.9274698989967076	0.9139916249955856	3.7197491420580535	3.13736645503356	1.9456687477223829	0.0	4.180402894507152	0.0	0.25536249786574416	1.3224121135386844	1.8821547725262875	4.030405326407111	0.0	0.0	1.6685840305974438	0.0	0.9544224763201248	1.411814318029475	0.0	0.0	0.0	0.0	0.0
sample0046	High	Cecal Content	HSME4	V	Exp	30654	1.070890042026887	11.96	12	2.2098829492987657	1.3805660413068652	3.9329695527397144	3.4242164488379916	1.6622198966833104	0.0	4.3119272987658315	0.0	0.0	1.5702355637438052	0.879499169901714	3.1251380288326205	0.0	0.0	2.3021215891425606	0.0	1.3166223159145598	1.6824646037273068	0.0	0.0	0.0	0.0	0.0
sample0047	High	Cecal Content	HSMF3	W	control	29180	1.0711892855784628	11.9	13	2.0819252641639143	1.0555273317208347	3.993036826560294	3.6816112261083216	1.9690594717303103	0.0	4.263901565030254	0.0	0.0	1.4905224168214612	1.7591060525537807	2.339733314526144	0.0	0.0	1.2335448364180779	0.0	0.5189202063028998	1.732160745486124	0.0	0.0	0.0	0.33275027968543963	0.0
sample0048	High	Cecal Content	HSMF4	W	Exp	35083	1.3980511527383777	12.44	13	2.599363406184888	1.4291102768707031	3.9401217459484417	3.9131359426629992	2.663454057890921	0.0	4.134872008132603	0.0	0.46472423419899794	1.3622772254571343	2.0953597527507686	3.259117618125544	0.0	0.0	1.9405208676892867	0.0	0.7625988815828537	2.111744717589492	0.0	0.0	0.0	0.0	0.0
sample0049	Low	Colon content	LSMB1	H	control	39200	1.0403334643228923	12.8	14	3.0692188289903477	0.9810006159431017	3.794444962649259	3.3782427746518864	1.785356034418485	0.0	4.354357380280999	0.0	0.2688576060576332	1.0182489020862469	1.785356034418485	2.9455655277747805	0.0	0.0	1.5580483802688168	1.5580483802688168	0.5528611467792584	2.040854693384861	0.0	0.0	0.0	0.0	0.0
sample0050	Low	Colon content	LSMC1	I	control	27823	1.3137276937236624	12.34	14	2.2856148625778787	1.154873812962664	4.074728727343443	3.3495626075648652	1.4940529824528006	0.0	4.097733511294531	0.0	0.0	1.190121406315029	1.713689900668016	3.8141810006646804	0.0	0.0	1.8048262476338057	0.34394163935432137	0.6649355535198331	1.9069205171011994	0.0	0.0	0.0	0.34394163935432137	0.0
sample0051	Low	Colon content	LSMC3	K	control	31941	1.1497258998626834	11.94	12	2.2177802927913355	1.436164250894182	3.9089563253910966	3.575773104508589	1.8909589110868734	0.0	4.290430392078715	0.0	0.0	1.2996396063065114	2.212210573570632	3.217349771070974	0.0	0.0	1.6125311853312123	0.0	0.8640376198769872	1.8542104876932068	0.0	0.0	0.0	0.0	0.0
sample0052	Low	Colon content	LSMD1	R	control	51154	0.7965983441076451	12.02	13	1.9713692801406637	1.3021042412081638	4.406972596184364	3.5872713273393826	2.0691789023480487	0.0	3.5606449226673886	0.0	0.0	0.6938396835786037	1.2410982687847054	2.383950142802698	0.0	0.0	0.9485383939444871	0.0	1.6596107399590703	1.554060857587466	0.0	0.0	0.0	0.0	0.2192911647535529
sample0053	Low	Colon content	LSMD3	R	control	31142	1.1355558625908002	12.3	13	2.1155419319938624	1.2351476230847238	3.6391778535648807	3.669800764083058	1.80333218506308	0.0	4.325362485028719	0.0	0.0	1.1768703899980324	2.197154437552407	3.4614663313213225	0.0	0.0	1.871407456330932	0.0	1.5371746469103662	1.623267987355913	0.0	0.0	0.0	0.0	0.3178534349287371
sample0054	Low	Colon content	LSME2	S	control	26097	1.1097118759680378	11.68	12	1.9717673812736067	0.5532962790959882	3.750631929470793	3.767574455270284	1.9211938040005216	0.0	4.315244320950673	0.0	0.0	1.4859259707216266	2.6473131719115655	2.745034479136302	0.0	0.0	1.8562277450495603	0.0	1.9534854353618534	1.9472163384770156	0.0	0.0	0.0	0.0	0.0
sample0055	Low	Colon content	LSMF2	T	control	41375	1.2898386700486038	11.76	12	1.9749510889106419	1.5553578392003153	3.9165315025267313	3.963291343551615	2.3233153834437825	0.0	4.158268818518027	0.0	0.0	1.4920472370255682	1.9018779011853912	3.0289601284571748	0.0	0.0	0.7688456844600758	0.0	2.232325330612229	1.8974341030616495	0.0	0.0	0.0	0.0	0.0
sample0056	Low	Colon content	LSMJ6	B	control	42420	1.0560131465752574	9.84	12	2.330580914624152	0.6955376185243548	4.2235151217761375	3.5586413504988212	2.0609485319637315	0.0	4.101236222442107	0.0	0.0	0.25336897412827347	1.2837294116893219	2.3570740679519395	0.0	0.0	0.41233546236312235	0.0	0.25336897412827347	1.7134584402215323	0.0	0.0	0.0	0.0	0.0
sample0057	Low	Colon content	LSMJ8	B	control	37973	1.1760947894791742	12.34	14	2.2795921418680405	1.03075465129785	4.088720974024632	3.340313533456479	1.8969152980435087	0.0	4.207370963580737	0.0	0.4424463720387366	0.8569857963976851	1.7927953353644694	3.409458206090272	0.0	0.0	1.5816712628014282	0.2752868163938765	0.5628494153918976	1.8870591144457851	0.0	0.0	0.0	0.0	0.0
sample0058	Low	Colon content	LSMK6	A	control	44863	0.9939824010176928	10.68	13	2.7673149511469433	1.087600102406025	3.8735356876476272	3.157628413398738	1.7572020311583325	0.0	4.347867266290931	0.0	0.24278800406529882	0.6016223187201859	1.6692104466118785	3.222652960868349	0.24278800406529882	0.0	0.39758990587908943	0.0	0.0	1.6550478290694288	0.0	0.0	0.0	0.0	0.0
sample0059	Low	Colon content	LSMK8	A	control	43792	1.1867674670645025	11.78	12	2.3087137091206134	1.627721814265931	4.035644796289275	3.828332236744966	2.168957765100305	0.0	4.180478928925561	0.0	0.0	1.2134170666628703	2.1666934892969856	2.3448206766500914	0.0	0.0	1.2134170666628703	0.0	0.6845359001271318	1.8594978092438628	0.0	0.0	0.0	0.0	0.0
sample0060	Low	Colon content	LSML6	C	control	27582	1.04760837893231	12.5	13	2.379811245824107	1.120001235605463	3.6721947749049266	3.4925903396070197	1.9359012482933566	0.0	4.359385350486063	0.0	0.34601254377134083	1.6018898845176994	2.234407097621604	3.354977692780913	0.0	0.0	1.1583885906083373	0.0	0.9789936999049045	1.9419906547240595	0.0	0.0	0.0	0.0	0.0
sample0061	Low	Colon content	LSMA1	G	Exp	25216	1.0536181292215678	14.28	15	2.527381621034517	0.8843900511557944	4.261243839815477	3.1841586293461446	1.9223064249502648	0.0	4.091288999317403	0.0	0.9540211662898568	1.2630060023334058	2.6995892040765592	2.5540388856905625	0.0	0.0	1.9556017746273053	0.8843900511557944	1.7453506721056067	1.481679330317858	0.0	0.0	0.0	0.36783450622070013	0.0
sample0062	Low	Colon content	LSMB2	H	Exp	51647	1.0625169331401114	14.0	15	2.294099336633308	1.268729415275922	3.9614462540382687	3.316367115284974	2.2503369229553765	0.0	4.3156323387213495	0.0	1.4211726201759258	1.5419749976589487	2.397128101774392	2.880963288790171	0.0	0.0	2.222470857119118	0.7446270526026925	1.5881078981376997	1.5254401065888716	0.0	0.0	0.217644503180219	0.0	0.0
sample0063	Low	Colon content	LSMC2	J	Exp	26015	1.2738415213712169	12.5	13	2.1966973985466947	1.449084459769807	3.8423095806158805	3.9575270893452097	2.3064166999652977	0.0	4.1903875352557955	0.0	0.0	1.0543500318488914	2.0184147941270276	3.1743906802019146	0.0	0.0	0.8726345424528891	0.0	1.0017982653755348	1.84971819357223	0.0	0.0	0.0	0.554281176145245	0.0
sample0064	Low	Colon content	LSMD2	R	Exp	38064	1.1133726699138746	12.44	13	2.550220973244365	1.7249628262935683	3.927721392516824	3.5867434517371763	2.0362252005410797	0.0	4.298248838526337	0.0	0.0	1.0960793227868981	2.107617025881165	2.710873549638743	0.0	0.0	1.8496617400174868	0.0	1.7176798419380543	2.0733864393168373	0.0	0.0	0.0	0.0	0.2747991090473954
sample0065	Low	Colon content	LSME1	S	Exp	42161	1.133251189583612	12.0	12	2.224200753369433	1.4608195022549844	3.9035888645210215	3.691969207020906	2.0293845562982553	0.0	4.288172489818072	0.0	0.0	1.2488770415647956	2.5927617417065782	2.4495429771222557	0.0	0.0	1.8711258080662019	0.0	2.1169728545052124	1.8372378533262053	0.0	0.0	0.0	0.0	0.0
sample0066	Low	Colon content	LSMF1	T	Exp	31222	1.110030212645763	12.3	13	2.1456118555234496	1.1434758130561522	3.9000750678042957	3.727730769929902	1.6108785240897323	0.31727551391578285	4.284052327561163	0.0	0.0	0.9827162466510536	2.040203678452135	2.7982653642948914	0.0	0.0	1.7556002712230583	0.0	1.8238004479046375	1.4286129993338674	0.0	0.0	0.0	0.0	0.0
sample0067	Low	Colon content	LSMJ5	B	Exp	43981	1.2083130361646912	12.78	15	2.2510320789381324	1.2688657287144782	3.8510842175200977	3.716777485141103	2.146284313026236	0.0	4.280907193353798	0.0	0.0	1.6016762188897529	3.0080315846517136	2.8545199550836355	0.0	0.0	1.56712776508354	0.0	0.24650180967953983	1.7769118155100854	0.0	0.0	0.24650180967953983	0.40278157573577456	0.40278157573577456
sample0068	Low	Colon content	LSMJ7	B	Exp	44161	1.1650489150739478	11.7	12	2.254816897297294	1.4532015550772577	3.5880716072604697	3.14456392482011	1.5742993135184886	0.0	4.190431329561635	0.0	0.0	0.8504741992438885	1.3177160537598454	4.097184292429662	0.0	0.0	1.144115793723578	0.0	0.6816477464878505	1.6241639236822791	0.0	0.0	0.0	0.0	0.0
sample0069	Low	Colon content	LSMK5	A	Exp	28794	0.9997570913167403	11.14	13	2.997940086543815	0.3358551723450605	3.9333427973721213	3.0704627916055056	1.5836906541339528	0.0	4.3347718849583865	0.0	0.0	0.753424123596058	1.8922102248013744	3.020271043335278	0.0	0.0	1.060804780450043	0.0	0.3358551723450605	1.798305359529377	0.0	0.0	0.3358551723450605	0.0	0.0
sample0071	Low	Colon content	LSML5	C	Exp	43446	1.229140190703173	12.22	13	2.521169878465094	1.1738148987039738	3.805148605301055	3.394690133400988	2.497255408940135	0.0	4.283992229678107	0.0	0.0	1.4107684777699074	1.589923281440578	3.6693302951924553	0.0	0.0	1.1507000151425752	0.0	1.0729075662957908	1.975817559700071	0.0	0.0	0.24881191475853046	0.0	0.0
sample0072	Low	Colon content	LSML7	C	Exp	35871	1.1218593916541868	11.96	12	2.245936235938516	1.3153760333346278	3.73893175804577	3.4194108969972414	2.0989460176340606	0.0	4.332292841584051	0.0	0.0	1.3707338656083177	2.214828018518581	3.5252709616113314	0.0	0.0	1.8640928338644351	0.0	1.087815729583311	1.8171391992551535	0.0	0.0	0.0	0.0	0.0
sample0073	High	Colon content	HSMA2	L	control	25191	1.2594936718939547	12.72	13	2.5795837596272833	1.0671129813446776	4.144475683089996	3.5014692495323203	2.248154008559559	0.0	4.1361726025614685	0.0	0.5644036335663418	1.5837536137293269	2.141107297200318	3.2721006857459876	0.0	0.0	2.124032043494418	0.0	1.230620000121306	1.6268599422864973	0.0	0.0	0.0	0.0	0.0
sample0074	High	Colon content	HSMB2	M	control	28639	1.1171127054922179	12.0	12	2.151662980183216	1.9436132072214718	3.998103532337357	3.612463929279657	2.077378899923457	0.0	4.2654695729237195	0.0	0.0	1.4283379601290591	1.740138969388186	2.7348504891276257	0.0	0.0	1.7670932543833973	0.0	1.7307691789391704	1.6698614431076768	0.0	0.0	0.0	0.0	0.0
sample0075	High	Colon content	HSMB4	N	control	33811	1.3035004109466528	12.0	12	2.355254588693195	1.829856521304702	3.7566739893447547	3.7666856830547126	2.4686087318667576	0.0	4.254194091743815	0.0	0.0	1.7897431408926205	1.660124431157566	3.510659524630493	0.0	0.0	1.988561528284105	0.0	0.9975778601376376	1.7826820003634682	0.0	0.0	0.0	0.0	0.0
sample0076	High	Colon content	HSMC2	O	control	40869	1.0751701214919427	12.76	14	2.0617702955775616	1.2616429431202818	3.8116202485490662	3.7043563100223578	2.0362567856137854	0.0	4.32003153439282	0.0	0.4223236846215495	1.5797667439133818	2.502925493288138	2.631989861623819	0.0	0.0	1.8505611052550923	0.0	1.449204498946899	1.6800162385944317	0.0	0.0	0.26059352890028725	0.0	0.0
sample0077	High	Colon content	HSMC4	P	control	34736	1.1691559349282805	11.02	12	2.4755920137898992	0.8327727959479964	4.0928650749907804	2.7123408122107273	1.6193952607242608	0.0	4.148151521813535	0.0	0.0	0.7661731399118874	0.4675653412860333	3.796828143514904	0.0	0.0	0.8327727959479964	0.0	0.6874774152259628	1.241672058701937	0.0	0.0	0.0	0.0	0.0
sample0078	High	Colon content	HSMD2	U	control	28799	1.0501373712702378	11.28	12	2.367708001188604	1.0142781182416107	4.263796102549823	3.3998019250769995	1.8789457671694838	0.0	4.064106412201359	0.0	0.0	0.9622486044533076	1.1027007646582327	2.820462066005359	0.0	0.0	1.496046983563233	0.0	0.3358145648731874	2.0792226144134336	0.0	0.0	0.0	0.0	0.0
sample0079	High	Colon content	HSME1	V	control	44916	1.0934903354765821	12.32	14	2.7612088378515636	0.39728248702476143	3.4232546793525893	3.330685559839207	2.7021971288782574	0.0	4.362280532885415	0.0	0.0	1.5843928199608994	1.853224972379096	3.6376426089012828	0.0	0.0	2.3501248122137195	0.511124593739872	1.3107109862658515	1.0596968683418013	0.0	0.0	0.0	0.24256849196913194	0.0
sample0080	High	Colon content	HSME3	V	control	33189	1.13886698963134	13.86	14	2.50504193412102	0.9077938873908916	4.233643432836764	3.091727201030473	2.5036653516567977	0.0	4.101725078682659	0.0	0.7826323070560693	1.5734291582721014	1.9191204882041362	3.1874974504005333	0.0	0.0	1.944829630686735	1.046278827230972	2.2148538049210615	1.5962994430200295	0.0	0.0	0.0	0.0	0.0
sample0081	High	Colon content	HSMF1	W	control	45382	0.8908583367753672	12.22	13	2.2337528594317915	1.083015230408128	4.383024157229687	3.5065065038010896	1.8666526535004626	0.0	3.72393107518744	0.0	0.240655826900308	0.9245000270390469	1.7042244348635098	2.7406759618721144	0.0	0.0	1.2559914479918062	0.0	0.7358034135421817	1.7903908661379535	0.0	0.0	0.0	0.0	0.0
sample0082	High	Colon content	HSMF3	W	control	27066	1.1303622333088512	10.98	11	2.6095580538170227	0.9863418023646068	3.96515302907565	3.6420615621158277	1.7998524487530223	0.0	4.269940594520637	0.0	0.0	1.1660257179101916	1.505653883831213	2.860210007912293	0.0	0.0	1.505653883831213	0.0	0.0	1.98495205750622	0.0	0.0	0.0	0.0	0.0
sample0083	High	Colon content	HSMJ6	D	control	30043	1.2167906806106086	11.98	12	2.347244476890616	1.3249484130602651	3.920014211866021	3.3280372311339366	1.7289044696909972	0.0	4.257759309766407	0.0	0.0	1.301332040467094	2.0023537177325044	3.654777538440713	0.0	0.0	1.867469028111512	0.0	0.9459242526944265	1.6810199940229202	0.0	0.0	0.0	0.0	0.0
sample0084	High	Colon content	HSMJ8	D	control	23204	1.2757555073231956	12.8	13	2.26696182405656	1.780840711255083	4.06452722320675	3.8108861414495387	1.8742142340669203	0.0	4.135392600070486	0.0	0.5906445893548202	1.647807768872974	1.3832737798122028	3.12207725026904	0.0	0.0	1.6752253223595697	0.0	1.2642835998767266	2.0101644350179133	0.0	0.0	0.0	0.0	0.0
sample0085	High	Colon content	HSMA1	L	Exp	29783	1.2655897093446629	12.2	13	2.323975041124131	1.1949854055485618	4.091767419517409	3.7414297105936156	1.8224120669187016	0.0	4.14332132094072	0.0	0.0	1.3285453779753476	2.533677165663533	2.9958357655562358	0.0	0.0	1.6744699317123282	0.3280184698248309	1.2799331156886284	2.093341198036205	0.0	0.0	0.0	0.0	0.0
sample0086	High	Colon content	HSMB1	M	Exp	60715	1.452440804841619	12.62	14	2.1458588084843906	1.7954055142263468	3.921667245332364	3.7630085852298776	2.6599484125518695	0.0	4.100848670523774	0.0	0.0	1.4403592797395348	1.7244666260809682	3.779491467503809	0.0	0.0	1.6451102643067728	0.0	0.8505133636658188	1.6451102643067728	0.0	0.0	0.32363946923873704	0.0	0.32363946923873704
sample0087	High	Colon content	HSMB3	N	Exp	16538	1.3486570831836222	11.6	12	2.679859401518816	1.4045208878359747	3.869162306572733	3.5716354625597884	2.335200611577089	0.48170186874940585	4.21186729868018	0.0	0.0	1.3682850505153743	1.659914325543253	3.725934205792701	0.0	0.0	1.4045208878359747	0.0	0.0	1.777589686775752	0.0	0.0	0.0	0.0	0.0
sample0088	High	Colon content	HSMC1	O	Exp	46248	1.0171821269899715	10.82	12	2.6710859996553666	0.6658447065967421	3.75238518588523	2.797975829880858	1.29864840893522	0.0	4.341759607253899	0.0	0.23718229484995396	0.8333064966572608	1.9381912317675276	3.6760781395045696	0.0	0.0	1.3142293997989527	0.0	0.0	1.1012313666878202	0.0	0.0	0.0	0.0	0.0
sample0089	High	Colon content	HSMC3	P	Exp	31592	1.1930260673831685	12.0	12	2.4950477491373415	1.5311261578576096	3.82811978356293	3.638293324775778	2.2388169855999713	0.0	4.302167882244361	0.0	0.0	1.6494190872208585	2.2388169855999713	3.1622204731137873	0.0	0.0	1.8116925284519414	0.0	2.172731222242407	1.8897556259963724	0.0	0.0	0.0	0.0	0.0
sample0090	High	Colon content	HSMD1	U	Exp	41789	1.3441149600224869	12.0	12	2.6814554712873817	1.3859380514763038	3.629189882324195	3.7281414915032163	2.3984044260096193	0.0	4.244044094203108	0.0	0.0	1.3562246628727412	2.0521871222656727	3.7334637596956535	0.0	0.0	1.8607205581596722	0.0	1.4990732616372602	1.7817737544848182	0.0	0.0	0.0	0.0	0.0
sample0091	High	Colon content	HSMD3	U	Exp	29106	1.2915138177386967	12.62	13	2.0394948787643847	2.0111199828853286	4.138253804164165	3.7138422752516465	2.4045418527170206	0.0	4.1032572239406235	0.0	0.5196894062833187	1.6290117264097748	1.9128225148375093	2.892886214128301	0.0	0.0	1.6737476113170295	0.0	2.704715519568109	1.9003894882209236	0.0	0.0	0.0	0.0	0.0
sample0092	High	Colon content	HSME2	V	Exp	36923	0.9121552434332727	12.22	13	2.266776357730787	1.3034382419609312	3.7121230740776303	3.325136619503195	2.0832431756107055	0.0	4.38906491202393	0.0	0.0	1.4518130032120085	1.976514787416765	3.116555569389072	0.0	0.0	1.6501400888931186	0.9633400554768873	0.0	1.6034960142969306	0.0	0.0	0.0	0.281046489013899	0.0
sample0093	High	Colon content	HSME4	V	Exp	34613	1.0885013418336178	12.64	13	1.7582000842880672	1.6002290944164315	4.001648473462035	3.621405398650034	1.7797290517627542	0.0	4.26791053350187	0.0	0.592440945125316	1.5785261751761273	1.1020739408687776	2.4104218479540074	0.0	0.0	2.4054778298421287	0.0	1.9463116223328771	1.7116489994657336	0.0	0.0	0.0	0.0	0.0
sample0094	High	Colon content	HSMF2	W	Exp	44277	1.1501019082498847	13.08	15	2.1088900531464723	1.2478731950394195	4.1842971674065295	3.6756727161737	2.1063174805717524	0.0	4.102730384404292	0.0	0.5154388858960869	1.5988362615872815	1.850151691858669	2.157378915874894	0.0	0.0	2.5109385949796663	0.0	0.8001903015419736	1.7628129257018024	0.0	0.0	0.0	0.2452425180036417	0.2452425180036417
sample0095	High	Colon content	HSMF4	W	Exp	20117	1.3967770182500656	9.94	11	3.57779394803344	0.42656519522299036	3.9932569402938918	2.611256812766398	1.6940750925927286	0.0	4.070535638720377	0.0	0.0	0.42656519522299036	1.6940750925927286	3.882680758165461	0.0	0.0	0.6375560895778536	0.0	0.0	1.8521988752785092	0.0	0.0	0.0	0.0	0.0
sample0096	High	Colon content	HSMJ7	D	Exp	27293	1.1722381797937453	9.42	10	2.466548845252201	0.5393673049167049	4.036069322374564	3.0013721835146776	1.2609354326765891	0.0	4.204285124478901	0.0	0.0	0.0	0.8546583153478021	3.7300811613141174	0.0	0.0	0.6714950827530898	0.0	0.0	1.59290891370578	0.0	0.0	0.0	0.0	0.0
sample0097	High	Fecal content	HSMD6	null	control	19610	1.3402979312872023	NA	13	2.315176547835939	1.5876813996628611	3.751952412883595	3.6020977492355484	1.9292263327420949	0.0	4.256340759822275	0.0	0.0	1.7333498839688262	2.8278204676070735	3.668390732568796	0.0	0.0	1.6585020342223487	0.0	1.7600155057342506	1.986578857588973	0.0	0.0	0.0	0.0	0.6461127817795734
sample0098	Low	Fecal content	LSMF3	null	control	35085	1.2140811880955933	NA	14	2.1457285455963926	1.807605207560608	3.849832693044141	3.8579265890097396	2.174491875430909	0.0	4.251877720889487	0.0	0.588069796727296	1.2128193314444224	2.674130227299228	2.436156538089267	0.0	0.0	1.8565611735113996	0.0	2.1574634491894606	2.1243970990936027	0.0	0.0	0.0	0.0	0.29175345200662717
sample0099	Low	Fecal content	LSMF4	null	cross	33646	0.8269968301046335	NA	14	2.4893927901297883	1.7775931881001181	3.14895988908417	3.7463779841668727	1.4618500530023362	0.0	4.404744697942819	0.0	0.7776783626099053	1.0408767820431593	1.5905116411236546	2.5837651761172116	0.0	0.0	1.9632264729582434	0.0	1.4308172697644697	2.43559720009952	0.0	0.0	0.0	0.0	0.8446116335923312
sample0100	Low	Fecal content	LSME4	null	cross	32542	0.9946561549654221	NA	13	2.623482417468283	0.6125428597867906	4.0133988346398155	3.175878853077279	1.9631577093284551	0.0	4.307327730985246	0.0	0.0	0.0	1.51864328662606	2.9463794313539373	0.0	0.0	0.3080466134823819	0.48645177749077334	1.3557211382785004	1.6763815564927353	0.0	0.0	0.0	0.0	0.3080466134823819
sample0101	Low	Fecal content	LSME5	null	control	38024	1.0417087285953166	NA	14	2.860720876319566	1.2047441761159956	3.654315053724688	3.5914484503108266	1.7732350926279865	0.0	4.36600174506863	0.0	0.6565606768685559	1.5497945574132719	2.6755795155594004	2.5146642735277895	0.0	0.0	1.9336686426199676	1.0964993640754037	1.9246329007764094	2.174532862475145	0.0	0.0	0.0	0.0	0.0
sample0102	High	Fecal content	HSMD5	null	cross	49323	1.2274670706805468	NA	13	3.0882191095603577	1.23930882181205	4.236187423164577	3.5421168828642102	1.7167953452943239	0.0	4.00657462314052	0.0	0.0	1.2037898514745253	0.9291082209624434	3.118078196478263	0.0	0.0	0.8531741856399563	0.0	1.938717111812008	1.395226665379644	0.22563631460996067	0.0	0.0	0.0	0.0
sample0103	High	Fecal content	HSMF4	W	cross	38371	1.1361664845587036	NA	13	3.0580205361766915	1.2243483836041822	3.528403166685443	3.4721961901142495	1.3597003436859714	0.0	4.351841817437589	0.0	0.0	1.800550516470464	2.219150598293809	3.4984410853214136	0.0	0.0	1.9472940066961022	0.0	2.098129646181892	1.0266503062900747	0.0	0.0	0.0	0.0	0.5595649225430371
sample0104	High	Fecal content	HSMF5	null	cross	34544	1.3310011608332188	NA	13	2.4320818743313377	1.631722563730003	3.538225070851046	3.8297923397648894	1.4355858959812702	0.0	4.220380147525642	0.0	0.0	1.6510156965533391	1.2673871657903213	3.7835276805918694	0.0	0.0	1.3687114934562896	0.0	2.208174708993931	2.1053575071672106	0.0	0.0	0.0	0.0	0.4691537754437646
sample0105	High	Fecal content	HSME4	V	control	37349	1.3031374861487455	NA	13	2.828053271274508	0.913677253545881	3.4810863950933664	3.565822083534262	1.5573559378964235	0.0	4.25823505198161	0.0	0.0	1.6363359156248574	2.0650518928443105	3.875623150429726	0.0	0.0	2.439966593689444	1.2786062161661356	0.5680882023731735	1.9998459817217267	0.0	0.0	0.0	0.0	0.0
sample0106	High	Fecal content	HSME5	null	cross	19319	1.334049509779296	NA	11	3.486775188688349	1.5093085730661446	3.5467151267649766	3.1706041410025936	1.3398870189583396	0.0	4.200451101224797	0.0	0.0	0.0	0.9866210771918141	3.9786523390438155	0.0	0.0	0.6511475372417641	0.6511475372417641	0.0	1.9267934988582314	0.0	0.0	0.0	0.0	0.0
sample0107	Low	Fecal content	LSMD4	null	cross	32504	1.169823642878421	NA	13	2.067381936178669	1.1595422378052844	3.9893995950241377	3.8009652645163254	1.9537851992144173	0.0	4.219578428361105	0.0	0.0	1.2924351125826312	1.7995262204189728	2.6508842231679735	0.0	0.0	1.4910770330433247	0.0	1.9063417194728696	1.9436810325712703	0.0	0.0	0.0	0.0	0.3083044694717359
sample0108	Low	Fecal content	LSMD5	null	cross	42805	1.1850165596680884	NA	12	1.7227178895595177	1.1322613153928625	4.028067663617909	3.970428368681518	1.949001189595827	0.0	4.114620244430639	0.0	0.0	0.25163899239176685	1.5785836203907777	2.3949347388018913	0.0	0.0	0.5256937566229084	0.0	1.5209435243926628	2.019616454222654	0.0	0.0	0.0	0.0	0.0
sample0109	High	Fecal content	HSMD6	null	control	35590	1.1762447932730575	NA	12	2.5878844444530165	1.318626920355914	3.5504635463146776	3.211590090031459	1.5320535458218218	0.0	4.263199012069396	0.0	0.0	1.738908682792657	1.9923182463685387	3.9746059855668965	0.0	0.0	1.6190741504940078	0.0	0.8237910265477446	1.438320999982702	0.0	0.0	0.0	0.0	0.0
sample0110	Low	Fecal content	LSMF3	null	control	24993	1.3928734633507622	NA	14	2.4089979402339905	1.5392200701944905	3.770887752568493	3.7325297631482606	1.9720530910862448	0.0	4.176279573763861	0.0	0.0	1.6937315178981143	1.9903434704793508	3.8208429706447187	0.0	0.0	1.2338462554698717	0.5668989734761971	0.8046733151451322	2.1004900490162113	0.0	0.0	0.0	0.0	0.3700426201217687
sample0111	Low	Fecal content	LSMF4	null	cross	41700	1.0229536114595341	NA	13	2.2330591320899673	1.5319640012835753	3.2950840243032617	3.7804356459452197	2.071298992668078	0.0	4.364357447873214	0.0	0.701483714947363	1.6788522050020114	2.6105871698103074	3.166835671287334	0.0	0.0	2.071298992668078	0.0	0.957034625229668	1.9640518366651087	0.0	0.0	0.0	0.0	0.0
sample0112	Low	Fecal content	LSME4	null	cross	43950	1.268357496047313	NA	14	3.1871014781769005	1.1691433230724433	3.3588323850324726	3.421264893568894	1.7602478912947543	0.0	4.302077947480722	0.2466344635118738	0.5176782417907346	1.519974715815909	2.592938134002205	3.79723719627584	0.0	0.0	2.451970076324803	0.0	0.0	1.6779505350395603	0.0	0.0	0.0	0.0	0.6083343066633672
sample0114	High	Fecal content	HSMD5	null	cross	36491	1.4648849818958132	NA	13	3.0509263916252163	1.6809009471526728	3.909505224101088	3.848130221167465	2.165812042649118	0.0	4.117967155390243	0.0	0.0	1.764112968423355	1.3805872232248164	3.584429290181834	0.0	0.0	1.442544239655567	0.0	0.7485103167990239	1.6551375708834688	0.0	0.0	0.0	0.0	0.7485103167990239
sample0115	High	Fecal content	HSMF4	W	cross	27708	1.260321118118287	NA	12	2.069746411370014	1.0760752707855168	3.7954688312166547	3.903753511147462	1.969260998553326	0.0	4.230967723653243	0.0	0.0	1.5726580753514325	2.1586670672680692	3.2270330956633257	0.0	0.0	1.6615349898579157	0.0	2.210296663385754	1.5865235829098843	0.0	0.0	0.0	0.0	0.0
sample0116	High	Fecal content	HSMF5	null	cross	35342	0.9186341799376845	NA	12	2.2286211123873354	0.8839667302772832	3.806738023930101	3.461098605941413	1.4260352264006835	0.0	4.370385662048802	0.0	0.0	1.7777721474623571	2.0888387924555425	2.3341997032446935	0.0	0.0	2.127453364235805	0.0	1.847610297390202	1.6506508553429746	0.0	0.0	0.0	0.0	0.0
sample0117	High	Fecal content	HSME4	V	control	41176	1.0690061594905726	NA	14	2.6100184327246767	0.5375896922621646	3.269889956929334	3.512174647960126	1.7327463550740994	0.0	4.361758678793336	0.0	0.0	1.7582159861800288	2.3607763029601703	3.6509954047800774	0.0	0.0	2.2323361671628725	0.0	1.57660244580281	1.7704117201455782	0.0	0.0	0.42030547878957836	0.0	0.2591300433390713
sample0118	High	Fecal content	HSME5	null	cross	31461	1.22217024023924	NA	14	2.5113759370329225	2.0495190627744653	3.7217869273146955	3.889466374948061	2.05363811676446	0.0	4.27249758280578	0.0	0.0	1.7270095933749665	2.581184086083058	2.7015555413521986	0.0	0.3155619675464128	2.258879502543298	0.0	1.7092577360121601	2.1489576316378156	0.0	0.3155619675464128	0.0	0.0	0.0
sample0119	Low	Fecal content	LSMD4	null	cross	19620	1.023557801084746	NA	12	2.28514317137241	1.2583123411281918	3.8279029420979716	3.618124967891663	1.8086686706283757	0.0	4.3369431355186325	0.0	0.0	1.6582854867040038	2.4143199661952877	2.2094840945639533	0.0	0.0	2.236195349905289	0.0	0.9806039792965291	1.937679158473152	0.0	0.0	0.0	0.0	0.0
sample0120	Low	Fecal content	LSMD5	null	cross	30112	1.0190566922084527	NA	13	2.4505685046671704	0.7374797411950087	3.9575510210514278	3.3222219621249143	1.4773161959349044	0.0	4.320184867360461	0.0	0.0	1.7543111197844419	1.523241365105821	2.988091064447215	0.0	0.0	1.6998352719033116	0.0	1.2489178681272357	1.9713682681832192	0.0	0.0	0.0	0.0	0.32549568394270983
sample0121	Low	Fecal content	LSMJ2	null	control	39553	1.1320722692131688	NA	14	2.655242667094169	1.2340452396888502	3.773985198384447	3.5889294165845973	2.016176298158458	0.0	4.320795056792593	0.0	0.26706494638286954	0.26706494638286954	1.593613143154538	3.3325090169353526	0.0	0.0	1.3125906985673677	0.8918919682932772	0.26706494638286954	1.8110109219810602	0.0	0.0	0.0	0.0	0.0
sample0122	Low	Fecal content	LSMK2	null	control	37657	1.2366021154615563	NA	14	2.2931810316091825	1.2086945738052393	3.793822795851386	3.568790162245054	1.7506918317230749	0.0	4.266933435057562	0.0	0.0	1.2541627479909485	1.6505371090161602	3.6788837730024446	0.0	0.0	1.3995459410574027	1.1300913829422294	0.6598474344139259	1.6996430834369005	0.0	0.0	0.0	0.0	0.2769943757298894
sample0123	High	Fecal content	HSMK1	null	control	25043	1.4181544084296314	NA	12	3.085643560123087	1.069453361832279	3.9263816604723036	3.341129652474629	2.1309042753650558	0.0	4.030918553944614	0.0	0.0	0.3695450874456934	1.2658332038225761	4.032651673201573	0.0	0.0	1.2658332038225761	0.0	0.3695450874456934	1.737756884339336	0.0	0.0	0.0	0.0	0.0
sample0124	High	Fecal content	HSML1	null	control	41762	1.2962931634907804	NA	13	2.657819694528813	1.5209331923696143	3.889402213330851	3.5631417157969647	2.151696107958502	0.0	4.255721007735145	0.0	0.0	1.5611344874122153	2.260159469041864	3.4938835469740956	0.0	0.0	2.0586150405137666	0.0	1.290168127460597	1.9277771853101051	0.0	0.0	0.0	0.0	0.41651020449877113
sample0125	High	Fecal content	HSMK2	null	control	31851	1.231506530833782	NA	13	2.7062429230653735	1.3443830906359462	3.4451670883857046	3.386468839919263	1.786280455602914	0.0	4.18484882831469	0.0	0.0	1.0209737411201016	1.6855083979004244	4.091575220793925	0.0	0.0	1.4025100650041258	0.0	1.3008036570076504	1.6247366681241695	0.0	0.0	0.0	0.0	0.31280688839226695
sample0126	High	Fecal content	HSMJ1	null	control	36303	1.3542982393512235	NA	12	3.0577668455871274	0.9245274291296162	3.6744259822827203	3.389846293426369	2.0566122267878995	0.0	4.18472463537105	0.0	0.0	1.3827373154522107	1.3657575129657746	3.986414891202702	0.0	0.0	1.6746775186150709	0.0	1.3104299442893181	1.7930189130018537	0.0	0.0	0.0	0.0	0.0
sample0127	Low	Fecal content	LSMJ1	null	control	40111	0.7286459789251349	NA	14	2.7775261081744484	1.043469244345958	3.231708175004772	3.511059498775781	1.548350102090345	0.0	4.435602628927623	0.0	0.5457004616653301	0.5457004616653301	1.615011970139088	2.7912727623164906	0.0	0.0	1.158471934180453	1.3575708306917746	0.6385798316823103	1.6879784437185952	0.0	0.0	0.0	0.0	0.0
sample0128	Low	Fecal content	LSMK1	null	control	37406	1.1025074822944643	NA	14	2.562071755536348	0.9130958090605432	3.428094378541383	3.1704116831043807	1.4863471748076877	0.0	4.293355099314279	0.0	0.0	1.2114199590522143	1.626567298096761	3.964322751664217	0.0	0.0	1.653376827553129	1.653376827553129	1.0366837301553877	1.4734258686956325	0.0	0.0	0.0	0.0	0.278366382954979
sample0129	High	Fecal content	HSMK3	null	cross	39299	1.202813869446916	NA	14	2.390122788525639	1.6966800535788653	3.5060353161410953	3.8031584525898396	2.2201655187484883	0.2683523484619836	4.301630075879137	0.0	0.0	1.3969140146554246	1.8466952768812834	3.5107576204961712	0.0	0.0	1.5358812871453145	0.9800197546984849	2.128352799809469	1.6814852917342684	0.0	0.0	0.0	0.0	0.0
sample0130	Low	Fecal content	LSMJ3	null	cross	33130	1.1947821600862485	NA	13	2.711140402770521	1.0055339270673014	3.9798718880775046	3.1698978168738665	1.9928533081438464	0.0	4.251064174338002	0.0	0.0	1.119618251844615	1.4683320377501738	3.6029598696420884	0.0	0.0	1.3068693052695048	1.0848169911557106	0.9597085445488509	1.6781125029998718	0.0	0.0	0.0	0.0	0.0
sample0131	High	Fecal content	HSMK4	null	cross	29762	1.0843167231751605	NA	13	2.7515745312871682	0.5129579130215288	3.185567022076816	3.1347296478387237	1.351245109903287	0.0	4.287192882878939	0.0	0.0	1.372553241813745	2.093645057192128	4.017994220851201	0.0	0.0	1.9711835127862434	1.0895609398501511	0.9495451251548758	1.844294245517444	0.0	0.0	0.0	0.0	0.0
sample0132	Low	Fecal content	LSML2	null	cross	33376	1.07111652202453	NA	14	2.502609463156876	1.4652288627601326	3.332328137550273	3.520786158900069	1.9522888033995929	0.0	4.349949096610167	0.0	0.30249828268381085	1.1166501705023824	2.0928129833849938	3.705964352518733	0.0	0.0	1.3038155100719473	1.494199060164415	0.47907786968827476	1.727152365358241	0.0	0.0	0.0	0.0	0.0
sample0133	High	Fecal content	HSML2	null	cross	32590	0.8521277859248457	NA	13	2.0545553080338554	1.7205951725265827	3.231809149704437	3.5401336517014395	1.9216050539230918	0.0	4.418661553549114	0.0	1.0534834689977317	1.4752282640732663	2.5046010495346396	3.1180996811584216	0.0	0.0	2.2280456344308797	0.0	1.888168374406237	1.7032106015413826	0.0	0.0	0.0	0.0	0.0
sample0134	Low	Fecal content	LSMK3	null	cross	34470	1.222642819212825	NA	16	2.5618262253156545	0.7689415008999879	3.760734406169886	3.033474514675726	1.5333130647478137	0.2955276152092212	4.198842274857684	0.0	0.2955276152092212	1.193745159874443	1.5912649758535073	4.0162345104807615	0.0	0.0	1.632632181716883	0.2955276152092212	0.9900449637556306	1.808638498992152	0.0	0.0	0.0	0.0	0.5937800553277847
sample0135	High	Fecal content	HSMJ2	null	cross	33863	1.2565541758585204	NA	12	2.5775743102387554	1.2521003111197597	3.774357784092838	3.5707884460854173	1.8943102624609711	0.0	4.267133167379826	0.0	0.0	1.3947153723402148	1.275571549868301	3.6816659644542313	0.0	0.0	1.4591547598039465	0.0	0.47488446661616346	1.960464966722547	0.0	0.0	0.0	0.0	0.0
sample0136	Low	Fecal content	LSML1	null	cross	26369	1.254477212168201	NA	11	2.5097377638209424	1.04900134031226	3.8016098317516924	3.732411146355898	2.0335899640361172	0.0	4.2631152339618	0.0	0.0	1.211964273638659	1.8595039218858922	3.4622125600989064	0.0	0.0	1.5792661181381944	0.0	0.0	1.9233974391382043	0.0	0.0	0.0	0.0	0.0
sample0137	Low	Fecal content	LSMJ2	null	control	29905	0.9812953207905798	NA	12	2.9611878059268313	0.0	3.987281091117437	2.592064020958489	1.4802125079966475	0.0	4.318424629089006	0.0	0.0	0.32707820674383625	1.3268534939038577	3.2143468563423228	0.0	0.0	0.6405689366163251	1.3268534939038577	1.5261476610521376	1.4637537407227144	0.0	0.0	0.0	0.0	0.0
sample0138	Low	Fecal content	LSMK2	null	control	39314	1.216685394335732	NA	13	2.1055001342181403	1.4392695758317298	4.161504872718254	3.882483833292624	1.6813230093845206	0.0	4.023034228817367	0.0	0.2682759651309776	1.8248587240908565	2.264600375279523	2.2200007833592728	0.0	0.0	1.4113938141545734	0.0	2.3283144109840883	1.88203738716153	0.0	0.0	0.0	0.0	0.0
sample0139	High	Fecal content	HSMK1	null	control	31723	1.0803845598450137	NA	13	2.531421030156273	1.0641708816141981	4.122003950973371	3.5469066051315044	1.869742618138701	0.0	4.20600426974796	0.0	0.31370557146940486	1.2789128348403331	1.4554550054154578	2.2475626827863073	0.0	0.0	1.6678920289996377	0.0	1.2540096298730807	1.79543184848074	0.0	0.0	0.0	0.0	0.0
sample0140	High	Fecal content	HSML1	null	control	36543	1.213649733518293	NA	13	2.4305590454346864	1.8029613350828095	3.644086456925505	3.996022825563529	2.211749677824466	0.0	4.245210560662898	0.0	0.0	1.532789539309817	2.5064960416546227	2.6968292347939506	0.0	0.0	2.204329360468744	0.0	1.5772716713287491	2.214195207911022	0.0	0.0	0.0	0.0	0.28319289814676113
sample0141	High	Fecal content	HSMK2	null	control	24531	1.0663597770890172	NA	12	2.684093114140893	1.2414805830957556	3.595549770102931	3.4916671025643415	1.9923517612900374	0.0	4.370983913564125	0.0	0.0	2.04368585289506	1.874876462303481	3.245800453439908	0.0	0.0	2.503503113539908	0.0	0.9646685974264456	2.3061194896442467	0.0	0.0	0.0	0.0	0.0
sample0142	High	Fecal content	HSMJ1	null	control	32300	1.054427219117254	NA	14	2.3918407242891364	1.2714999626032961	3.7721200201954384	3.7368228649884765	1.8742620931644332	0.0	4.32515038020801	0.0	0.0	1.1620877126874618	1.7244034679645528	2.7314606618695976	0.0	0.0	1.447903423693618	0.0	1.447903423693618	1.9360386811418429	0.3096964732154043	0.0	0.0	0.0	1.0154772556546885
sample0143	Low	Fecal content	LSMJ1	null	control	21284	0.6451348885260485	NA	13	2.373341246636337	0.0	3.5121025919807836	3.1689539663616033	1.7963741418813282	0.0	4.447697749409628	0.0	0.4114088122010427	1.0200497355357474	1.943648371203223	2.5705495379424756	0.0	0.0	1.0810314536104912	0.7586274924240277	1.6071191070288395	1.3636583088571645	0.0	0.0	0.0	0.0	0.0
sample0144	Low	Fecal content	LSMK1	null	control	36156	1.0536498649026695	NA	13	2.442512553257619	1.5817737383507011	3.665421506690216	3.7124844663227017	1.7680497176305092	0.28541402151330664	4.347818708937618	0.0	0.0	1.7882293159350766	2.590478331351578	2.748557585273267	0.0	0.0	1.5922200382379492	0.0	1.7540561607802372	1.8494332364967059	0.0	0.0	0.0	0.0	0.0
sample0145	High	Fecal content	HSMK3	null	cross	26984	1.04730785143696	NA	13	2.1983892712842943	0.987523751535928	3.843122005599365	3.679229091459037	1.7561539455826438	0.0	4.321157945686018	0.0	0.0	1.8096148819800135	2.162713753694989	2.443180709127548	0.0	0.0	1.9862561851839573	0.858915597263307	0.7767763298529335	1.991802589914714	0.0	0.0	0.0	0.0	0.0
sample0146	Low	Fecal content	LSMJ3	null	cross	26266	0.951759531135769	NA	17	2.2398131457193053	0.35780125119298106	3.5319812149111267	3.8304918144467126	1.8978316748832957	0.0	4.355356806960782	0.0	0.6846565489559722	0.9980452433744381	2.155342599173346	2.2201853593697654	0.0	0.0	1.635653194693873	1.097385346809307	1.9689940391239569	1.6726035145360554	0.0	0.0	0.35780125119298106	0.35780125119298106	0.35780125119298106
sample0147	High	Fecal content	HSMK4	null	cross	38832	1.0388002943234698	NA	12	1.882426273942474	1.4706386252099084	4.301917628111493	3.6652989800512112	2.0482895417064357	0.0	3.9171866039972203	0.0	0.0	1.4444333583058964	1.7642586688078	2.4839108069440434	0.0	0.0	0.9846707778910015	0.0	1.3867416106348653	1.601400963827871	0.0	0.0	0.0	0.0	0.0
sample0148	Low	Fecal content	LSML2	null	cross	41066	0.7738760701505212	NA	15	2.673473442169375	0.9629587062849685	3.340080988609483	3.5720599371955504	1.6926396040784062	0.0	4.42403426240901	0.0	0.5384148467607922	1.4951983666176027	1.9892403778244663	2.584261994867896	0.0	0.0	1.434310950259028	0.8278677136520969	0.706822411437314	1.7775258535096594	0.0	0.0	0.4210262218132095	0.0	0.0
sample0149	High	Fecal content	HSML2	null	cross	13650	0.8316946247642603	NA	12	2.280009150540821	1.035299940661899	3.4260245887115186	3.639306190048009	1.8446467860441436	0.0	4.408450562322803	0.0	0.0	1.8596725392032192	2.4182002983020223	2.1794456622429497	0.0	0.0	1.9524089118890153	0.0	1.7961734034364898	1.829082482289114	0.0	0.0	0.0	0.0	0.0
sample0150	Low	Fecal content	LSMK3	null	cross	35802	0.6441266714159909	NA	14	2.8169764763334326	0.458955747229756	3.365518593669554	2.86067490078	1.3885241916188522	0.0	4.453844855845522	0.0	0.6770784041257444	0.9752926997376177	1.6451610285314175	3.12292814270809	0.0	0.0	1.0540028824968095	1.4358359807289875	0.581569424871997	1.3885241916188522	0.0	0.0	0.0	0.0	0.0
sample0151	High	Fecal content	HSMJ2	null	cross	21926	0.643424524159807	NA	11	2.4564403602324147	0.6090650893634082	3.7440733846695635	2.8969206068918365	1.0692109487362818	0.0	4.42793929865087	0.0	0.0	0.8530947059480578	1.251826342136735	2.1231876984169564	0.0	0.0	0.0	0.0	1.1700471914343529	1.1700471914343529	0.0	0.0	0.0	0.0	0.0
sample0152	Low	Fecal content	LSML1	null	cross	24771	0.9805686369302662	NA	13	2.8152325463989003	0.8079428963684984	3.729649804154116	3.615686816396188	1.6855427379212942	0.0	4.358757683429321	0.0	0.0	1.0737940014867544	1.2374958966039846	2.6635654605713173	0.0	0.0	0.37226892696689506	0.704967195277321	1.163312888127704	1.7632283065149408	0.0	0.0	0.0	0.0	0.0
