sampleID	Actinobacteria	Bacteroidetes	Candidatus Saccharibacteria	Cyanobacteria/Chloroplast	Deferribacteres	Euryarchaeota	Firmicutes	Fusobacteria	Proteobacteria	Spirochaetes	Tenericutes	Verrucomicrobia
sample0001	2.294863840104053	3.4600506883037747	0.0	0.0	0.0	0.0	4.480138583232613	0.0	2.751364209338512	0.0	0.5342775671575314	0.0
sample0002	2.274442056621996	3.4863556531544226	0.5650430042382417	0.0	0.0	0.0	4.474999801964503	0.0	2.8637866362082343	0.0	1.2642442136633392	0.0
sample0003	1.8233614641658538	3.4890280857437146	0.0	0.0	0.9018332759241634	0.0	4.474652813712833	0.0	2.920459654906317	0.0	1.571473535762955	0.37937383852122974
sample0004	2.307722417226758	3.876191301424593	0.0	0.0	0.4816166699372851	0.6071140756969577	4.40033581946788	0.0	2.995723563283187	0.3044059119575198	0.0	0.0
sample0005	2.1291610358825923	3.6177681954633565	0.0	0.0	0.0	0.0	4.4658817485491475	0.0	2.525940779678558	0.0	0.8463146756283872	0.0
sample0006	1.9441988144002893	3.5536479727496966	0.0	0.0	0.0	0.0	4.47313676878398	0.0	2.645346296268966	0.0	1.3853947943468252	0.0
sample0007	2.1615777630949355	3.6444571666245036	0.0	0.0	0.8045311544909884	0.6258728538018071	4.45626776415241	0.0	2.8450032674182357	0.0	0.0	0.0
sample0008	2.146927468559931	3.4654553279958993	0.0	0.0	0.0	0.0	4.480391481355477	0.0	2.750002896219559	0.0	0.9239807154784604	0.0
sample0009	2.2070592444983252	3.736882378796946	0.0	0.0	1.3671793794698857	0.0	4.4422258972785515	0.0	2.7258462436756417	0.0	0.48092802981427	0.0
sample0010	2.4603825739324017	3.1370988410548333	0.0	0.0	0.37833409403312834	0.0	4.504948510379262	0.0	2.3239467901679673	0.0	0.0	0.0
sample0011	2.0301427928618665	3.7533762609475123	0.0	0.0	0.0	0.0	4.441181840710568	0.0	2.6654404638615374	0.0	0.5512946632987882	0.0
sample0012	2.2144618507053737	3.335388847189546	0.0	0.0	0.0	0.0	4.492630123924163	0.0	2.6230135577638127	0.42517444189939885	1.2459551267983549	0.0
sample0013	2.062758091565231	3.816876088728498	0.0	0.0	0.0	0.0	4.42476562323813	0.0	2.7668363285533797	0.0	0.7515709236721326	0.0
sample0014	2.0187890654444245	3.6649188975924987	0.3485396430150417	0.0	0.0	0.0	4.454070710796194	0.0	2.8136321516825977	0.3485396430150417	1.4484980721151464	0.0
sample0015	2.8284923146600285	2.9745942130745306	0.0	0.0	1.1927757392722567	0.7234912597174283	4.500818333886024	0.0	2.709625795127357	0.0	1.427203644675443	0.26906597469101096
sample0016	2.4507335982573717	3.1490974309690736	0.0	0.0	0.6071042664705965	0.0	4.5024233595564285	0.0	2.5394476083615527	0.0	1.236769676040286	0.0
sample0017	2.0748788421155435	3.5518643107398344	0.0	0.0	0.22971829177769176	0.0	4.466813059870158	0.0	2.9431521078045364	0.0	0.22971829177769176	0.0
sample0018	2.5747331899617696	3.5924402089021505	0.0	0.0	1.156282404197982	1.0141775237823485	4.455135698193303	0.0	3.0095229326020623	0.0	0.80157368861693	0.0
sample0019	2.4378801738782956	3.499447987342752	0.29872795470610336	0.0	0.7743077083265576	0.0	4.4693522480505194	0.0	2.9726547535085643	0.4740491471445382	1.0371980375614656	0.0
sample0020	2.078691176800072	3.6668893858609826	0.0	0.0	0.38908969290981577	0.0	4.45569830813821	0.0	2.7011800589989825	0.0	1.5170707389655778	0.38908969290981577
sample0021	2.2299688373085846	3.575144963718627	0.0	0.0	1.6724644089793363	0.3577214857883814	4.459586835229161	0.0	3.0130473731581486	0.3577214857883814	1.565949821498842	0.0
sample0022	2.542423242692481	3.3743431708793046	0.0	0.0	0.0	0.0	4.484829654031832	0.0	2.7790596196862056	0.0	0.5161839938746621	0.0
sample0023	2.947046844647306	3.2193510726935446	0.0	0.0	1.1222928194089057	0.0	4.490236665278497	0.0	2.5314554359072945	0.0	1.642298454309824	0.0
sample0024	1.9045500761679401	3.329616721355058	0.0	0.0	0.3616331383192988	0.0	4.487547614726984	0.0	2.952479800518446	0.0	1.1845348280385726	0.0
sample0025	2.677316613908283	3.6711136210182636	0.0	0.0	0.33629303029707913	0.0	4.449205736728403	0.0	2.708214244400362	0.0	1.6896271850699827	0.0
sample0026	2.2793704801634544	3.639374261109363	0.0	0.0	0.0	0.0	4.4591376253183235	0.0	2.697998571735778	0.0	1.4330689057244883	0.0
sample0027	2.212149200936721	3.7834852348109775	0.0	0.0	0.27313970714174585	0.27313970714174585	4.424522608178013	0.0	3.0149743213986575	0.0	0.7961291687215623	0.0
sample0028	2.3123872035510273	3.7954708385572493	0.0	0.0	0.4651302491478395	0.0	4.406213873366284	0.0	3.2837939554738287	0.0	0.5885465607615293	0.0
sample0029	2.270456005382493	3.260108474743461	0.0	0.0	0.0	0.0	4.495232240553988	0.0	2.753721656000625	0.0	0.8439042601593246	0.0
sample0031	2.0606677841637726	3.5591339091740792	0.0	0.0	0.0	0.0	4.474876186988801	0.0	2.429075801367841	0.0	0.7634029014244412	0.0
sample0032	2.3386824710655945	3.5087764516072206	0.0	0.0	0.30727642907760155	0.0	4.4766250747276155	0.0	2.6428035322539025	0.0	0.6113962705462268	0.6113962705462268
sample0033	2.150375811976566	3.5501094205581456	0.0	0.0	0.0	0.0	4.473560942748448	0.0	2.5740568216203092	0.0	1.5768332160871603	0.0
sample0034	2.2097674009679307	3.6536561098385203	0.0	0.0	0.0	0.0	4.449964598373184	0.0	3.000856234422863	0.0	0.9051531294850123	0.0
sample0035	2.0238616240239105	3.8096612320407393	0.0	0.0	0.4272213845789836	0.0	4.4126840854340275	0.0	3.0875292898010667	0.4272213845789836	2.32455684288002	0.0
sample0036	2.376714801379135	3.52564478923464	0.0	0.0	0.2608293104943385	0.0	4.465933185936358	0.0	2.8765425330391925	0.0	2.4395199652940027	0.0
sample0037	2.088137941034099	3.8643942724744442	0.0	0.0	0.347774428281476	0.0	4.376427010611364	0.0	3.400445655993231	0.0	2.0422909127521858	0.0
sample0038	2.856315663344767	3.6296292989201566	0.0	0.0	0.0	1.012485458513037	4.438769505967795	0.0	3.137202128839108	0.0	1.513106298236369	0.0
sample0039	2.102929412203909	3.505810042081138	0.0	0.0	0.0	0.0	4.477434504536227	0.0	2.686314974758242	0.0	1.286405984331589	0.0
sample0040	2.332677925633846	3.661781467927177	0.0	0.0	0.23699693203299407	1.0185230049983167	4.452524304233773	0.0	2.84146180155835	0.0	0.0	0.0
sample0041	2.2406286185715336	3.7334808985678336	0.0	0.0	0.35118405975297584	0.0	4.44001017947536	0.35118405975297584	2.81510770615202	0.0	1.8494848557767862	0.35118405975297584
sample0042	1.754908854488866	3.900440801467901	0.0	0.0	0.2694172229388983	0.0	4.394590184437481	0.0	2.949719624451163	0.0	2.177734630186682	0.0
sample0044	2.156881153126287	3.7453954480338068	0.0	0.0	0.0	0.0	4.437742064269713	0.0	2.81950693726964	0.0	1.9600545532723506	0.0
sample0045	2.929410744102415	3.148085933935963	0.0	0.0	0.2562274112449111	0.0	4.496180393327707	0.0	2.391302942153729	0.0	0.9561502267256663	0.0
sample0046	2.210668252489426	3.4294644868306796	0.0	0.0	0.0	0.0	4.48606933716696	0.0	2.559065211696679	0.0	1.3173744058505379	0.0
sample0047	2.0833064135697685	3.6857018213346393	0.0	0.0	0.0	0.33349621306851474	4.457350212910005	0.0	2.338826195456839	0.0	0.519891716329847	0.0
sample0048	2.597934794575177	3.91620227871789	0.0	0.0	0.46378377699961776	0.0	4.388620269176648	0.0	2.8691653014934264	0.0	0.7614144053345293	0.0
