sampleID	line	tissue	ratID	cage	condition	numSequences	shannonDiversity	rarifiedRichness50	unrarifiedRichness	Actinomycetales	Aeromonadales	Alteromonadales	Anaeroplasmatales	Bacillales	Bacteroidales	Bdellovibrionales	Bifidobacteriales	Burkholderiales	Campylobacterales	Caulobacterales	Clostridiales	Coriobacteriales	Cytophagales	Deferribacterales	Desulfovibrionales	Enterobacteriales	Erysipelotrichales	Flavobacteriales	Fusobacteriales	Gammaproteobacteria_incertae_sedis	Lactobacillales	Methanobacteriales	Mycoplasmatales	Neisseriales	Pasteurellales	Pseudomonadales	Puniceicoccales	Rhizobiales	Rhodospirillales	Selenomonadales	Solirubrobacterales	Sphingobacteriales	Sphingomonadales	Spirochaetales	Thermoplasmatales	Verrucomicrobiales	Xanthomonadales
sample0001	Low	Cecal Content	LSMK5	A	Exp	27723	1.038868746983225	13.22	15	1.0278446282671867	0.0	0.0	0.34395348532470366	0.0	3.455599479814423	1.0278446282671867	0.0	2.0940948886149933	2.4299533224947285	0.0	4.274378985277817	2.2718330412601477	0.0	0.0	0.9756329536353485	0.34395348532470366	2.3487513136609963	0.0	0.0	0.0	4.039007680343665	0.0	0.34395348532470366	0.0	0.664952524050416	0.0	0.0	0.0	0.0	1.6821718205276328	0.0	0.0	0.0	0.0	0.0	0.0	0.0
sample0002	Low	Cecal Content	LSMJ7	B	Exp	24929	1.1162256695063921	14.2	15	1.159306320384059	0.0	0.0	0.8043119911067693	0.36979691752003985	3.482178322833034	0.7015160589154591	0.0	1.9116261410767834	2.6260771677928707	0.0	4.340299777017696	2.241208029791944	0.0	0.0	1.159306320384059	0.0	3.5496808777078295	0.0	0.0	0.0	3.625566225885573	0.0	1.1168797861521964	0.0	0.0	0.0	0.0	0.0	1.06985535087685	1.7487185340657125	0.0	0.0	0.0	0.0	0.0	0.0	0.0
sample0003	High	Cecal Content	HSMJ7	D	Exp	23927	0.9311181783545112	15.76	17	1.2502383680195406	0.0	0.0	1.5726843007353866	0.0	3.480532994371841	1.133360613631939	0.0	1.6332804838389834	2.6574374065679094	0.0	4.37172838849431	1.6987814058868784	0.0	0.9029215994374256	1.133360613631939	0.3800989905965005	2.616808357824509	0.0	0.0	0.0	3.765416541001613	0.0	0.0	0.0	0.0	0.0	0.0	0.0	1.2831188059053338	1.53888921382784	0.0	0.0	0.5796418009117835	0.0	0.0	0.3800989905965005	0.0
sample0004	Low	Cecal Content	LSMK6	A	control	33028	1.227269180503854	15.0	18	1.1816392350112586	0.0	0.0	0.0	0.0	3.873997123309674	1.0846307699600486	0.0	2.4291651661485645	2.7439180991722663	0.0	4.225342335384935	2.27542277779515	0.0	0.48109131347351713	1.046797450762859	0.3040109369071692	2.554928153018978	0.0	0.0	0.0	3.888066706745967	0.0	0.0	0.0	0.0	0.48109131347351713	0.0	0.0	1.0846307699600486	1.7218314071558867	0.0	0.0	0.3040109369071692	0.3040109369071692	0.6065237653395398	0.0	0.0
sample0005	Low	Cecal Content	LSMJ8	B	control	27843	1.1260673670656653	13.3	14	1.0261451015863186	0.0	0.0	0.8458923583361492	0.3429283241821707	3.6141125251778496	0.8458923583361492	0.0	2.075003448356538	2.0187853997662106	0.0	4.322247343478	2.092234222597066	0.0	0.0	1.072730125167874	0.0	3.455191652698573	0.0	0.0	0.0	3.705505830536179	0.0	0.0	0.0	0.0	0.0	0.0	0.0	1.1883871779272577	1.731691634892569	0.0	0.0	0.0	0.0	0.0	0.0	0.0
sample0006	High	Cecal Content	HSMJ8	D	control	21540	0.9667521943268331	14.44	15	1.2934390038990176	0.0	0.0	1.1758043701890313	0.4072982466399962	3.547152881541285	1.0748597435263858	0.0	1.7311975470729564	2.2315602851018697	0.0	4.356930603173683	1.8413345476566227	0.0	0.0	1.013962807686226	0.0	2.848292650871195	0.0	0.0	0.0	3.7854889747030596	0.0	1.013962807686226	0.0	0.0	0.0	0.0	0.0	1.1282583437696592	1.6171663536221996	0.0	0.0	0.0	0.0	0.0	0.0	0.0
sample0007	Low	Cecal Content	LSMK7	A	Exp	31176	1.1383685625771909	15.12	19	0.8718056397862557	0.0	0.0	0.0	0.3168083185541403	3.640163459232058	1.1076839478556746	0.3168083185541403	2.40194395729795	2.4541363877290707	0.0	4.221417261141339	2.1379795800325687	0.0	0.8041387266234489	1.461257544674736	0.3168083185541403	2.392601162168	0.0	0.0	0.0	4.0588393159351455	0.625517590120221	0.0	0.0	0.49803415248192945	0.0	0.0	0.0	0.3168083185541403	1.5983956933997756	0.0	0.0	0.3168083185541403	0.0	0.0	0.0	0.0
sample0008	Low	Cecal Content	LSML5	C	Exp	54352	1.2813090694079354	12.72	16	1.0356948881107306	0.0	0.0	0.9238897823159661	0.0	3.4588901523307762	0.5395975125348271	0.2084518756566447	2.6294779065715783	1.878181213100069	0.0	4.239173453136537	2.1131146657187028	0.0	0.0	1.0103248571890668	0.2084518756566447	3.7245924561786623	0.0	0.0	0.0	3.8611450707792208	0.0	0.0	0.0	0.34870942231229607	0.0	0.0	0.0	0.5395975125348271	1.5650241237663922	0.0	0.0	0.0	0.0	0.0	0.0	0.0
sample0009	Low	Cecal Content	LSMK8	A	control	16574	1.1481117049981795	16.44	18	1.2828913828832753	0.0	0.0	0.4800371318176135	0.0	3.7334494531734377	0.7024667149097716	0.0	2.2853771267490264	2.3827462290496273	0.0	4.244990377385888	2.1535548054358644	0.0	1.3659054048484631	1.180168027325225	0.8488434416159559	2.386365521540448	0.0	0.0	0.0	3.978370842481901	0.0	0.0	0.0	0.4800371318176135	0.0	0.0	0.4800371318176135	0.8488434416159559	1.9337343162679752	0.0	0.0	0.4800371318176135	0.0	0.0	0.0	0.0
sample0010	Low	Cecal Content	LSML6	C	control	24156	0.8170707524173798	12.2	14	1.279198557776981	0.0	0.0	0.0	0.0	3.1297873051746157	1.0294972074135307	0.7125100246881264	1.682396564497431	2.059416910442954	0.0	4.412401299144649	2.4221983368531275	0.0	0.3776911110756593	0.3776911110756593	0.3776911110756593	3.166580524737975	0.0	0.0	0.0	3.6335416030089887	0.0	0.0	0.0	0.0	0.0	0.0	0.0	0.0	1.8113150506848859	0.0	0.0	0.0	0.0	0.0	0.0	0.0
sample0011	Low	Cecal Content	LSMJ5	B	Exp	26257	1.1148766012113231	13.04	15	0.5502775929140296	0.0	0.0	0.5502775929140296	0.0	3.7495033680957794	0.9967921574010487	0.0	2.2017382969150217	2.2924904221919338	0.0	4.277064845202979	2.0020178068112946	0.0	0.0	1.176878466826084	0.35701981938369526	2.667614740223286	0.0	0.0	0.0	3.899493675861773	0.0	0.0	0.0	0.0	0.35701981938369526	0.0	0.0	0.9370767314676427	1.7368620464952602	0.0	0.0	0.0	0.0	0.0	0.0	0.0
sample0012	Low	Cecal Content	LSML7	C	Exp	40203	1.0936009600025867	14.36	17	0.9698105525829847	0.0	0.0	1.2469155821826807	0.0	3.3290089870099298	0.6366272039056114	0.425810387818653	2.0884752512951437	2.166573005305675	0.0	4.334823230186632	2.1858566521233156	0.0	0.0	1.1300991635238318	0.425810387818653	3.676531704921567	0.0	0.0	0.0	3.6506367556362638	0.0	0.0	0.0	0.0	0.0	0.0	0.0	0.8344163165571851	1.62984127634207	0.0	0.0	0.26312628089780987	0.425810387818653	0.0	0.0	0.0
sample0013	Low	Cecal Content	LSMJ6	B	control	21701	1.1921878788157187	11.86	13	0.4053331110137915	0.0	0.0	0.750413291935369	0.0	3.813414433695137	0.9402480610646888	0.0	2.3634153574221797	2.4204456000047183	0.0	4.1360545801347826	2.0555057595196	0.0	0.0	1.0110429874558415	0.0	2.3516489754300505	0.0	0.0	0.0	4.0934190435107904	0.0	0.0	0.0	0.0	0.0	0.0	0.0	0.4053331110137915	1.674747939771023	0.0	0.0	0.0	0.0	0.0	0.0	0.0
sample0014	High	Cecal Content	HSMJ6	D	control	27062	1.0565419685282367	15.12	16	1.1999531335418427	0.0	0.0	1.0840546781749474	0.0	3.6618154078898444	1.037352693353203	0.0	2.0872570758312228	2.1921730065802416	0.0	4.334453665920335	1.9546444326588186	0.0	0.0	1.1999531335418427	0.5408969344477701	3.0466139093632765	0.0	0.0	0.0	3.7562410071788768	0.0	1.232602023241259	0.0	0.0	0.0	0.0	0.0	0.8565079040945316	1.5811307236728263	0.0	0.0	0.0	0.3497181030230881	0.0	0.0	0.0
sample0015	Low	Cecal Content	LSMA1	G	Exp	39177	0.9969017225038271	16.84	20	1.596153079258735	0.43285984991267007	0.0	0.26826397461593526	0.0	2.964479927178754	0.0	1.0513803434801106	1.4392445024759735	2.5510634912890136	0.0	4.122633167252036	2.7940254773267474	0.0	1.1911489707593947	1.1665644191613216	1.0170853035349043	2.3386223725255944	0.0	0.0	0.0	4.253249617862277	0.722081897318526	1.411368803532308	0.0	0.26826397461593526	0.0	0.0	0.43285984991267007	0.0	1.657459793364869	0.0	0.0	0.0	0.0	0.0	0.26826397461593526	0.0
sample0016	High	Cecal Content	HSMA1	L	Exp	32974	0.9326352825829316	12.68	15	1.2850582171125287	0.0	0.0	1.2367126266241233	0.30436883394250897	3.1398668024942267	0.30436883394250897	0.0	1.5505315920608131	2.035974280309829	0.0	4.329429204165249	2.419926478271805	0.0	0.6070586720019836	1.1823031382776337	0.30436883394250897	2.773053746416327	0.0	0.0	0.0	3.9851515790721805	0.0	0.0	0.0	0.0	0.0	0.0	0.0	0.0	1.6085471254839276	0.0	0.0	0.0	0.0	0.0	0.0	0.0
sample0017	High	Cecal Content	HSMC1	O	Exp	47981	0.9665881259271012	13.2	16	1.032204830097882	0.0	0.0	0.0	0.0	3.540323481723406	1.2975771900411508	0.0	2.067595594467713	2.7630591396182687	0.0	4.375302851078823	2.0352977645275727	0.0	0.22989621952224606	1.2820278071474018	0.3794280396555985	2.863465967882968	0.0	0.0	0.0	3.6679736705921364	0.0	0.22989621952224606	0.0	0.0	0.22989621952224606	0.0	0.0	0.9019146536135058	1.6321562488650352	0.0	0.0	0.0	0.0	0.0	0.0	0.0
sample0018	Low	Cecal Content	LSMB1	H	control	25066	0.9687942447159797	18.08	20	1.2312019645815508	0.0	0.0	0.36843414579965694	0.36843414579965694	3.5888473556783	1.1146819262169212	0.0	1.987563558764347	2.775802020955194	0.0	4.374735223180114	2.5566980326197286	0.0	1.1570914952458666	0.9549537511469205	1.37490338331604	2.331886053894377	0.0	0.0	0.0	3.650880649033681	0.9549537511469205	0.6996101742658194	0.0	0.8023061831917511	0.0	0.0	0.0	0.8023061831917511	1.8311630353723567	0.0	0.0	0.0	0.0	0.36843414579965694	0.0	0.0
sample0019	High	Cecal Content	HSMA2	L	control	33764	1.1599477515134002	17.06	21	1.0380938921980716	0.0	0.0	0.9510172958712979	0.4747045927743405	3.4961955944599015	1.0380938921980716	0.0	2.399504874531188	2.568088549955826	0.0	4.304336571824696	2.422894859259606	0.0	0.7751283158895956	1.6092427020134206	0.4747045927743405	3.198588009519855	0.0	0.0	0.0	3.881788185114146	0.0	0.4747045927743405	0.0	0.4747045927743405	0.0	0.0	0.2992187610941841	0.9510172958712979	1.4588936240245072	0.0	0.0	0.2992187610941841	0.4747045927743405	0.0	0.0	0.0
sample0020	High	Cecal Content	HSMC2	O	control	23124	0.9253394336683987	15.2	17	1.0998116348141298	0.0	0.0	1.3564009797685441	0.0	3.657094083174309	1.3278010000796887	0.0	2.1806686479304886	2.324192467671442	0.0	4.376046490101055	2.0340269405541407	0.0	0.3888068674646464	0.9159204588706559	0.0	2.544020672026285	0.0	0.0	0.0	3.626692290718191	0.0	1.0467222268796519	0.0	0.3888068674646464	0.0	0.3888068674646464	0.0	0.8319911232574168	1.647766537666845	0.0	0.0	0.0	0.0	0.0	0.0	0.0
sample0021	Low	Cecal Content	LSMB2	H	Exp	26065	1.091127091165971	18.22	20	1.0990363794878983	0.0	0.0	1.2783951612755746	0.0	3.5732226355831926	1.2152444788042533	1.426379374064081	2.2928282235224704	2.623019523769635	0.0	4.339898592989466	2.1121338067400304	0.0	1.674359597111091	1.426379374064081	0.7880536701232069	3.01980564464896	0.0	0.0	0.0	3.7676145949316515	0.35880915476431613	1.2783951612755746	0.0	0.35880915476431613	0.0	0.0	0.0	1.1798544598969383	1.6374058979090806	0.0	0.0	0.0	0.35880915476431613	0.0	0.0	0.0
sample0022	High	Cecal Content	HSMB1	M	Exp	44026	1.3276536545819086	11.74	15	0.681479558505396	0.0	0.0	0.5160831082899986	0.4015821306461879	3.365601634365344	0.4015821306461879	0.0	2.5355942582361877	2.0887890312475808	0.0	4.197091559439093	2.5355942582361877	0.0	0.0	0.6066078912410445	0.0	3.8049446257388952	0.0	0.0	0.0	3.9122933352467553	0.0	0.0	0.0	0.24564267736978837	0.24564267736978837	0.0	0.0	0.0	1.709225669486354	0.0	0.0	0.0	0.0	0.0	0.0	0.0
sample0023	High	Cecal Content	HSMC3	P	Exp	16436	1.211886095956155	13.28	14	0.4824693914858807	0.0	0.0	1.2863340294098047	0.0	3.206374820049895	0.0	0.0	2.235837520206662	1.9946877392821067	0.0	4.252002085033367	2.943999321858978	0.0	1.1213310545433313	0.8519621966933288	0.0	3.444952141977383	0.0	0.0	0.0	3.9987352277386576	0.0	1.4056206209740518	0.0	0.0	0.0	0.0	0.0	0.4824693914858807	1.6610340864227588	0.0	0.0	0.0	0.0	0.0	0.0	0.0
sample0024	Low	Cecal Content	LSMC1	I	control	25671	0.901408338985296	15.58	18	1.0582166257403323	0.0	0.0	0.945757234865893	0.3625410326496459	3.327506487137634	0.8763075430918783	0.0	1.313121537758882	2.685651523297257	0.0	4.383016561460433	1.8377408901599217	0.0	0.3625410326496459	1.105128386854582	0.5573413153872299	2.9200428819648834	0.0	0.0	0.0	3.7576245770085444	0.0	0.8763075430918783	0.0	0.3625410326496459	0.0	0.0	0.0	0.5573413153872299	1.4531734125112568	0.0	0.0	0.0	0.0	0.0	0.0	0.0
sample0025	High	Cecal Content	HSMB2	M	control	28618	1.218363726735959	14.42	17	0.6541755269587615	0.0	0.0	1.689928826577841	0.5237455531818132	3.6636647635962647	1.0153585772145042	0.0	2.0804087139218006	2.1395314769848754	0.0	4.282892129838078	2.674409702855107	0.0	0.3364590307327162	1.6346774783511446	0.0	3.2811320992343265	0.0	0.0	0.0	3.8381416419058443	0.0	0.0	0.0	0.3364590307327162	0.3364590307327162	0.0	0.0	1.1772466188921515	1.6686641393504702	0.0	0.0	0.0	0.0	0.0	0.0	0.0
sample0026	High	Cecal Content	HSMC4	P	control	35979	1.347609319489044	13.76	15	0.5788540369696591	0.0	0.0	1.2492289720662928	0.0	3.630499861207439	0.9720002583467394	0.28569794180424796	2.502895508609817	1.969098379743723	0.0	4.175467741140302	2.267790483879199	0.0	0.0	0.9720002583467394	0.0	3.627651442138323	0.0	0.0	0.0	3.9695156544032266	0.0	1.013100703258025	0.0	0.0	0.0	0.0	0.0	0.6741719930175303	1.474935274501126	0.0	0.0	0.0	0.0	0.0	0.0	0.0
sample0027	Low	Cecal Content	LSMC2	J	Exp	38259	1.1696138708107722	14.02	17	1.0926207378060002	0.0	0.0	0.4393849853680464	0.0	3.7791823879183264	1.0926207378060002	0.0	2.2390681697744124	2.8314718508855585	0.0	4.313954656502778	2.177978684035852	0.0	0.27303961980706265	0.9890783583536457	0.0	3.2628890477300594	0.0	0.0	0.0	3.5954129985340346	0.0	0.6532764247998673	0.0	0.0	0.0	0.0	0.0	0.7304453519890721	1.7354799285280376	0.0	0.0	0.0	0.0	0.27303961980706265	0.0	0.4393849853680464
sample0028	High	Cecal Content	HSMB3	N	Exp	34721	1.3705603170725387	14.66	17	1.1315051461402867	0.0	0.2932173627754638	0.5902876982233134	0.4666728637439191	3.791836783000951	1.5528671234516216	0.0	2.570860516300675	3.065231985179492	0.0	4.184645325646782	2.287507553548127	0.0	0.4666728637439191	0.8893242427120106	0.0	3.1071146359965147	0.0	0.0	0.0	3.9475016112752837	0.0	0.0	0.0	0.0	0.4666728637439191	0.0	0.0	1.0994084529999957	1.747936382108859	0.0	0.0	0.0	0.0	0.0	0.0	0.0
sample0029	Low	Cecal Content	LSMC3	K	control	33446	1.117026290370553	14.46	16	1.146573444003438	0.0	0.0	0.8455092023738898	0.477441081300101	3.255269072365413	0.7785509968212969	0.0	1.8329815144334516	2.433447173506306	0.0	4.273619850098234	2.241026144767762	0.0	0.0	1.0418287539424431	0.0	3.315189112284598	0.477441081300101	0.0	0.0	4.009717975629311	0.0	0.0	0.0	0.0	0.477441081300101	0.0	0.0	0.6024197796753875	1.8133856329890008	0.0	0.0	0.0	0.0	0.0	0.0	0.0
sample0031	High	Cecal Content	HSMF1	W	control	28022	1.05046904434176	12.28	13	0.8435072083266043	0.0	0.0	0.7618921152562024	0.0	3.5519542157770325	0.6613055647453919	0.0	1.7748757573437202	2.030779481663407	0.0	4.211592265431122	2.0355870287543563	0.0	0.0	1.3747985850142685	0.0	2.2615529380069876	0.0	0.0	0.0	4.117485287247747	0.0	0.0	0.0	0.0	0.0	0.0	0.0	0.5301692441267891	1.6552402935911488	0.0	0.0	0.0	0.0	0.0	0.0	0.0
sample0032	High	Cecal Content	HSMF2	W	Exp	32558	1.0472542648313463	13.48	15	1.1251856200666193	0.0	0.0	0.6112163820181801	0.0	3.502682549933378	0.913753848659119	0.0	1.9805200444536646	2.3021392006238806	0.0	4.272332285972977	2.313136123254706	0.0	0.30715565534207656	1.1251856200666193	0.0	2.3738417889385404	0.0	0.0	0.0	4.031572078905881	0.0	0.0	0.0	0.0	0.0	0.0	0.0	0.6112163820181801	1.7279386833916595	0.0	0.0	0.0	0.0	0.0	0.6112163820181801	0.0
sample0033	Low	Cecal Content	LSMD3	R	control	35531	1.078514279229699	13.94	15	1.1520750204161398	0.0	0.0	0.0	0.4601033799603174	3.546862809933093	0.7567726315247449	0.0	1.7941626455269803	2.1142879453513017	0.0	4.343340591381049	2.107950596868878	0.0	0.0	1.0180173420278142	0.0	3.4937899375221955	0.0	0.0	0.0	3.639896923538973	0.0	1.5769399989520547	0.0	0.5828672177662596	0.0	0.0	0.0	0.931400524375359	1.6375513401041513	0.0	0.0	0.0	0.0	0.0	0.0	0.0
sample0034	High	Cecal Content	HSMD2	U	control	42747	1.0092132451046296	13.8	16	1.1313784665870383	0.0	0.0	0.40935212845363705	0.25122004761500544	3.6469859754222207	1.0485453986800712	0.0	2.0960703883985534	2.7783038043413093	0.0	4.350561673917934	2.1755802192554707	0.0	0.0	1.2608392181692445	0.0	2.3967230140343214	0.0	0.0	0.0	3.7319657258693217	0.0	0.8117743216116661	0.0	0.0	0.0	0.0	0.0	1.0485453986800712	1.7875505891004615	0.0	0.0	0.25122004761500544	0.0	0.0	0.0	0.0
sample0035	Low	Cecal Content	LSME1	S	Exp	40038	1.2058106225898952	15.44	19	1.1040742429491812	0.0	0.0	0.0	0.26393879078822535	3.804260594537771	0.9714055242508199	0.0	2.1270025126591245	2.9505955579563037	0.0	4.276079164763806	1.972327954691259	0.0	0.426927308373175	1.1577731509386342	0.426927308373175	2.6343237524418677	0.0	0.0	0.0	3.8012290360907843	0.0	2.324089263993267	0.0	0.26393879078822535	0.0	0.0	0.0	1.1577731509386342	1.964516395293652	0.0	0.0	0.426927308373175	0.426927308373175	0.0	0.0	0.0
sample0036	High	Cecal Content	HSMD3	U	Exp	40451	1.181116528654429	15.14	17	1.2835342940065169	0.0	0.0	0.8321375874769762	0.26191470263699995	3.5201942419865935	1.1781593731187012	0.0	2.176072198301568	2.3230839713529923	0.0	4.259056132209832	2.34311585191769	0.0	0.26191470263699995	1.0999697360289757	0.0	2.964080631024129	0.0	0.0	0.0	4.003620588852138	0.0	2.4327186300532317	0.0	0.5419813558450896	0.0	0.0	0.0	0.9674268456446965	2.0155270244377093	0.0	0.0	0.0	0.0	0.0	0.0	0.0
sample0037	Low	Cecal Content	LSME2	S	control	27313	1.3173860014818193	16.02	19	1.3629754671697243	0.3475053120143625	0.0	0.538045189183622	0.538045189183622	3.8603956513631497	1.5168440301188324	0.0	2.0560760094541393	3.3236837514356	0.0	4.233769444254175	2.0012912333907127	0.0	0.3475053120143625	1.2591774394577433	0.3475053120143625	2.8174698900752353	0.0	0.0	0.0	3.768591859401275	0.0	2.0320267401629057	0.0	0.3475053120143625	0.0	0.0	0.0	0.7711164151251958	1.84292301096539	0.0	0.0	0.0	0.0	0.0	0.0	0.0
sample0038	High	Cecal Content	HSME1	V	control	35978	1.4149827171405656	14.5	17	0.4565636797056019	0.0	0.0	0.0	0.0	3.625083861517117	0.8184835973171335	2.554331598608527	2.902311823959407	2.4489009089150975	0.0	4.233653604549726	2.556581399796217	0.0	0.0	1.5259873413294156	0.0	3.8243104887642017	0.0	0.0	0.0	3.551426719676871	0.972011041825861	1.513778515390037	0.0	0.28570376044027107	0.0	0.0	0.0	0.0	1.5259873413294156	0.0	0.0	0.0	0.0	0.28570376044027107	0.0	0.4565636797056019
sample0039	Low	Cecal Content	LSMF1	T	Exp	38374	1.024465719679234	14.24	17	1.199569479660533	0.0	0.0	0.947084856144322	0.5584239736813872	3.4996328102286576	0.6522629206691151	0.0	1.3052641314899287	2.5115002092786223	0.0	4.344287275568732	2.04849207621694	0.0	0.0	1.025222742699857	0.2724317653926722	3.110797831384946	0.0	0.0	0.0	3.807259959429383	0.0	1.059582888464033	0.0	0.0	0.0	0.0	0.0	0.2724317653926722	1.3412569812265451	0.0	0.0	0.2724317653926722	0.0	0.0	0.0	0.0
sample0040	High	Cecal Content	HSME2	V	Exp	46142	1.122902949422902	14.46	19	1.1250274209750468	0.0	0.0	0.0	0.0	3.655520558016634	1.2477268153810117	0.3893965969910289	2.2696083030192655	2.562621717020725	0.0	4.330260471043219	2.303799550628208	0.0	0.23695280937303698	1.2105501302012465	0.0	3.2324191250822625	0.0	0.0	0.0	3.7006689351616844	0.9871210200633831	0.0	0.0	0.23695280937303698	0.0	0.0	0.23695280937303698	0.5913542057519603	1.5270401325093697	0.0	0.0	0.23695280937303698	0.0	0.23695280937303698	0.0	0.0
sample0041	Low	Cecal Content	LSMD1	R	control	26961	1.1863537099860069	14.98	18	1.3446350765000927	0.0	0.0	0.0	0.0	3.7300543927070353	0.9269297270416814	0.0	2.223794535817576	2.5036916803577944	0.0	4.187327546825423	2.183304652376496	0.0	0.35061690920823946	1.0855449864058484	0.0	2.4757537296103607	0.0	0.35061690920823946	0.0	4.065911094211691	0.0	1.8407626306517504	0.0	0.35061690920823946	0.0	0.0	0.35061690920823946	0.6744671047358417	1.5057953318676547	0.0	0.0	0.0	0.0	0.0	0.35061690920823946	0.0
sample0042	Low	Cecal Content	LSMF2	T	control	39050	1.1833125469918269	16.0	20	0.8953952022489928	0.0	0.0	1.1140814357691073	0.2689143595116512	3.8957220640309616	1.4127243390604391	0.0	2.271990395171302	2.730585488522298	0.2689143595116512	4.264613214505793	1.6978739755460501	0.0	0.2689143595116512	0.9403642201631973	1.215740284864777	2.618197324755901	0.0	0.0	0.0	3.761164057830481	0.0	2.1404769398366055	0.0	0.0	0.2689143595116512	0.0	0.2689143595116512	0.7884956559062731	1.7854769715926357	0.0	0.0	0.0	0.0	0.0	0.0	0.0
sample0044	Low	Cecal Content	LSMD2	R	Exp	25549	0.9978137540497767	15.62	18	1.4133037870805385	0.0	0.0	1.341802837861321	0.36371329277173886	3.739224570089206	1.315090042129198	0.36371329277173886	2.035286390711301	2.4433001035935105	0.0	4.346844102780224	2.070547506593898	0.0	0.0	0.5588378662303791	0.0	2.329005736440754	0.0	0.0	0.36371329277173886	3.687731636856109	0.0	1.847933787609489	0.0	0.36371329277173886	0.0	0.0	0.0	0.6929893259786183	1.6458915364574647	0.0	0.0	0.0	0.0	0.0	0.0	0.0
sample0045	High	Cecal Content	HSMD1	U	Exp	41899	1.28053976176433	12.56	16	0.5311473407770483	0.0	0.0	0.0	0.2550637643813153	3.1366946800974422	0.2550637643813153	0.41468429563313713	1.9450041068077564	1.8814913322959381	0.0	4.1792485769492105	2.9243267469373135	0.0	0.2550637643813153	1.2690684078405354	0.0	4.029733123845948	0.0	0.0	0.0	3.71901072837678	0.0	0.9538249276172711	0.0	0.0	0.0	0.0	0.0	0.7630392233812011	1.4111681172458475	0.0	0.0	0.0	0.0	0.0	0.0	0.0
sample0046	High	Cecal Content	HSME4	V	Exp	30432	1.0368721194853845	13.12	15	0.8809010059268111	0.0	0.0	1.3181591528399075	0.5052191822405409	3.4258304234365866	0.32227202253079246	0.7324757780743988	1.663799398799866	0.8809010059268111	0.0	4.313472156251212	2.1779249601741886	0.0	0.0	1.4713889674818676	0.0	3.126751402083869	0.0	0.0	0.0	3.933916819139194	0.0	0.0	0.0	0.0	0.0	0.0	0.0	0.32227202253079246	1.6840457036034668	0.0	0.0	0.0	0.0	0.0	0.0	0.0
sample0047	High	Cecal Content	HSMF3	W	control	29142	1.0667425722007216	12.74	15	1.0082453947570815	0.0	0.0	0.0	0.0	3.680635286805127	1.202392002565607	0.0	1.968093822904962	1.7581469269859444	0.0	4.262734772891098	2.0464953662653227	0.0	0.0	1.0965481375061341	0.33222810387628704	2.3387616413765464	0.0	0.0	0.0	3.9917049028165597	0.0	0.5182398194632624	0.0	0.0	0.0	0.0	0.0	0.33222810387628704	1.731202709146807	0.0	0.0	0.0	0.0	0.33222810387628704	0.0	0.0
sample0048	High	Cecal Content	HSMF4	W	Exp	34936	1.3779888868863128	12.56	16	0.4649091833860866	0.0	0.0	0.5882969802395852	0.0	3.9134173764146127	0.9834312630082551	0.0	2.6637349153008203	2.0956389617993443	0.0	4.134695839246371	2.597546341324079	0.0	0.4649091833860866	0.4649091833860866	0.0	3.2593989313023854	0.0	0.0	0.0	3.9401166146805138	0.0	0.4649091833860866	0.0	0.0	0.291903286076782	0.0	0.0	0.4649091833860866	2.1120240102802637	0.0	0.0	0.0	0.0	0.0	0.0	0.0
sample0049	Low	Colon content	LSMB1	H	control	39128	1.0393177286501565	16.02	22	1.502512325329562	0.0	0.0	0.26851452561902633	0.433202841951981	3.377499426968988	0.8444835212375335	0.0	1.7846245758742807	1.7846245758742807	0.0	4.353169027639976	3.0565692501892934	0.0	0.26851452561902633	0.433202841951981	0.7225224047471134	2.9448227122438637	0.0	0.0	0.0	3.7932828931371296	1.5573253125151567	0.433202841951981	0.0	0.5523258313366849	0.433202841951981	0.0	0.26851452561902633	0.26851452561902633	2.0401178088338634	0.0	0.0	0.433202841951981	0.0	0.0	0.0	0.0
sample0050	Low	Colon content	LSMC1	I	control	27739	1.3030785207180025	12.56	15	1.5706847439431932	0.0	0.0	0.5332817360325328	0.0	3.3493337887157653	1.15466092118174	0.0	1.493831402026788	1.713465406422426	0.0	4.096959819183569	2.1951029128337254	0.0	0.0	0.0	0.5332817360325328	3.813952114555473	0.0	0.0	0.0	4.074102213992277	0.3438164248762256	0.3438164248762256	0.0	0.0	0.0	0.0	0.0	0.0	1.9066944329926385	0.0	0.0	0.0	0.0	0.3438164248762256	0.0	0.0
sample0051	Low	Colon content	LSMC3	K	control	31840	1.1415015911250472	14.76	18	1.299481339179089	0.0	0.0	0.796435727286902	0.0	3.5756065220719853	1.166453983455696	0.0	1.8907944266248897	2.212044969260159	0.0	4.28939679915549	2.161575415227436	0.0	0.0	0.4918099024939594	0.6185502752055606	3.217183245406402	0.0	0.0	0.0	3.908338735559548	0.0	0.3120927931747104	0.0	0.3120927931747104	0.4918099024939594	0.0	0.0	0.7165376932615848	1.854046192389318	0.0	0.0	0.3120927931747104	0.0	0.0	0.0	0.0
sample0052	Low	Colon content	LSMD1	R	control	51082	0.7915764049257181	11.54	16	1.223532105358635	0.0	0.0	0.0	0.2189225522622664	3.586341198226311	0.2189225522622664	0.0	2.068256474478226	1.24022135470551	0.0	3.5584576971870567	1.8903681502089509	0.0	0.0	0.2189225522622664	0.0	2.38302362019646	0.0	0.0	0.0	4.405863405051085	0.0	1.6587007638273434	0.0	0.36379044251119025	0.0	0.0	0.0	0.36379044251119025	1.553156491983972	0.0	0.0	0.0	0.0	0.0	0.2189225522622664	0.0
sample0053	Low	Colon content	LSMD3	R	control	31043	1.1213166398510674	13.68	16	0.9835719296308177	0.0	0.0	0.0	0.3177707860474626	3.6696415372030273	0.6269352444747165	0.0	1.8031754293873463	2.1969961882597597	0.0	4.3249151413176135	2.0817955134716093	0.0	0.0	0.6269352444747165	0.0	3.461307125415631	0.0	0.0	0.0	3.638372826340716	0.0	1.5370200098968367	0.0	0.49930191386845435	0.0	0.0	0.0	0.9835719296308177	1.6231125188475617	0.0	0.0	0.0	0.0	0.0	0.3177707860474626	0.0
sample0054	Low	Colon content	LSME2	S	control	26037	1.0993029199599367	13.8	15	1.1802904109577765	0.0	0.0	0.0	0.0	3.767032114016146	1.2788373719865436	0.0	1.9206578776570549	2.6467719606212494	0.0	4.314620728017849	1.9000640629278065	0.0	0.0	0.9403100733427081	0.552905636117018	2.7444930214895367	0.0	0.0	0.0	3.749791604536912	0.0	1.9529490427049558	0.0	0.6864510979605623	0.0	0.0	0.0	0.35907168364172676	1.9466800336587522	0.0	0.0	0.0	0.0	0.0	0.0	0.0
sample0055	Low	Colon content	LSMF2	T	control	41303	1.2852303068943645	13.78	16	0.9963948421258012	0.0	0.0	0.7681938984377902	0.0	3.962505762161363	1.4304190119016849	0.0	2.3225334516822387	1.9011020913077146	0.0	4.156870305969173	1.9309964727945874	0.0	0.0	0.0	0.4185222029811815	3.0281751971426902	0.0	0.0	0.0	3.915574919050052	0.0	2.21896933209496	0.0	0.25783847244222347	0.0	0.0	0.0	0.8244295171072346	1.8966583945604927	0.0	0.0	0.25783847244222347	0.0	0.0	0.0	0.0
sample0056	Low	Colon content	LSMJ6	B	control	42358	1.0570031963853554	10.3	14	1.159509527784494	0.0	0.0	0.2529683725800556	0.2529683725800556	3.55773474305254	0.2529683725800556	0.0	2.060049563039492	1.2828697858161024	0.0	4.099429302026222	2.3014636728470172	0.0	0.0	0.0	0.0	2.3561711991770498	0.0	0.0	0.0	4.2220939644592885	0.0	0.0	0.0	0.2529683725800556	0.0	0.0	0.0	0.2529683725800556	1.7125691420095286	0.0	0.0	0.0	0.0	0.0	0.0	0.0
sample0057	Low	Colon content	LSMJ8	B	control	37885	1.1694228294073539	12.52	17	1.2281049108319966	0.0	0.0	0.5624612615606392	0.2750359880751424	3.339779318997781	0.2750359880751424	0.0	1.8963876198320833	1.7922694941468955	0.0	4.206287874037838	2.2389038311757714	0.0	0.44210494941207185	0.7995356702530679	0.0	3.408923955679136	0.0	0.0	0.0	4.087716361049362	0.2750359880751424	0.0	0.0	0.0	0.0	0.0	0.2750359880751424	0.44210494941207185	1.8865315918743373	0.0	0.0	0.0	0.0	0.0	0.0	0.0
sample0058	Low	Colon content	LSMK6	A	control	44767	0.9953427534472432	11.26	16	1.396792470551112	0.0	0.0	0.0	0.0	3.1570170827231716	0.3972231527540803	0.5110561144365672	1.7566009818636954	1.6686118020442124	0.0	4.3462322343332325	2.7462185312469902	0.0	0.2425261295139704	0.0	0.2425261295139704	3.222041570976376	0.2425261295139704	0.0	0.0	3.872532122672379	0.0	0.0	0.0	0.0	0.0	0.0	0.2425261295139704	0.2425261295139704	1.6544496191325806	0.0	0.0	0.0	0.0	0.0	0.0	0.0
sample0059	Low	Colon content	LSMK8	A	control	43688	1.1805315308177973	14.02	17	1.3514001849395285	0.0	0.0	0.0	0.0	3.827822852550165	0.803789968310779	0.0	2.1684517598761026	2.1661875021312618	0.0	4.179331248650777	2.259768165428112	0.0	0.0	0.8975005289170375	0.6841318246012565	2.344313521087026	0.0	0.0	0.0	4.034736125419359	0.0	0.6841318246012565	0.0	0.24709173629948528	0.0	0.0	0.24709173629948528	0.8531679279154595	1.858995394074908	0.0	0.0	0.24709173629948528	0.0	0.0	0.0	0.0
sample0060	Low	Colon content	LSML6	C	control	27493	1.0445616800228914	12.78	15	0.8506070813682489	0.0	0.0	0.6677905904498702	0.0	3.492451929790415	1.5883169511963326	0.0	1.9357643989286188	2.2342694504376115	0.0	4.357764178446426	2.3684980916762477	0.0	0.3459365106108356	0.0	0.0	3.3548392995709255	0.0	0.0	0.0	3.6714932556283424	0.0	0.7687482267280639	0.0	0.0	0.0	0.0	0.0	0.3459365106108356	1.941853783012152	0.0	0.0	0.3459365106108356	0.0	0.0	0.0	0.0
sample0061	Low	Colon content	LSMA1	G	Exp	25140	1.0438994859420956	17.28	19	1.4814558030044598	0.0	0.0	0.0	0.0	3.183927626690077	0.6985859084655807	1.0138067577335326	1.9220780360764969	2.699358511885659	0.0	4.090823294186237	2.472277894012618	0.0	0.9538157152732837	1.113500134601549	1.0138067577335326	2.553808377348876	0.0	0.0	0.0	4.26079065442469	0.8841890697271735	1.7451236740340743	0.0	0.0	0.0	0.0	0.0	0.5639222664150855	1.4814558030044598	0.0	0.0	0.3677024657690222	0.0	0.3677024657690222	0.0	0.0
sample0062	Low	Colon content	LSMB2	H	Exp	51342	1.03995794531857	17.84	20	1.0582166257403323	0.0	0.0	1.126811435716368	0.0	3.3173968597191514	0.8369186830285469	1.4630366839292601	2.2513613818908653	2.3970203890777553	0.0	4.316402899242715	2.2009095456768657	0.0	1.4221638427524474	1.4531734125112568	0.5573413153872299	2.8819921763725516	0.0	0.0	0.0	3.961920210132137	0.7454719877093706	1.4221638427524474	0.0	0.0	0.0	0.0	0.2180508783811504	0.9124191580270143	1.526439657525122	0.0	0.0	0.0	0.2180508783811504	0.0	0.0	0.0
sample0063	Low	Colon content	LSMC2	J	Exp	25972	1.2696644157671426	14.12	16	1.0010567187561084	0.0	0.0	0.5536875492579386	0.35968269311465095	3.9567035398664814	1.0010567187561084	0.0	2.30559713085258	2.0175990556223526	0.0	4.1889845881412	2.1701683102789437	0.0	0.0	0.0	0.0	3.1735675915815524	0.0	0.0	0.0	3.8410826099762683	0.0	0.8719214268562251	0.0	0.0	0.0	0.0	0.0	0.6873134093005768	1.8489062058527024	0.0	0.0	0.0	0.0	0.5536875492579386	0.0	0.35968269311465095
sample0064	Low	Colon content	LSMD2	R	Exp	37890	1.0950391686536904	14.26	17	1.2280509869919596	0.0	0.0	0.7994874503930118	0.2750090997524339	3.5871910788389023	0.562419644916478	0.0	2.03666882652806	2.108061275948766	0.0	4.298098081427447	2.5307792900161377	0.0	0.0	0.9068470814180165	0.4420683453229598	2.711320421807733	0.0	0.0	0.0	3.927761363786676	0.0	1.6716522929074837	0.0	0.562419644916478	0.0	0.0	0.0	0.0	2.07383040293413	0.0	0.0	0.0	0.0	0.0	0.2750090997524339	0.0
sample0065	Low	Colon content	LSME1	S	Exp	42034	1.1190429210217634	14.06	17	1.267746648085452	0.0	0.0	0.0	0.25444377574112903	3.691737361033063	0.6974771509913016	0.0	2.0291548309604694	2.592530441010339	0.0	4.2878514668326275	2.1736574325550624	0.0	0.0	1.1122203730688982	0.41382545498959394	2.449311907862866	0.0	0.0	0.0	3.903054378856041	0.0	2.1167427332353173	0.0	0.25444377574112903	0.0	0.0	0.0	0.9121750796917529	1.8370093343428018	0.0	0.0	0.25444377574112903	0.0	0.0	0.0	0.0
sample0066	Low	Colon content	LSMF1	T	Exp	31149	1.1038072421182485	15.8	18	1.233603522262954	0.0	0.0	1.65390763696315	0.6258047789032197	3.7272054025833796	0.7242525556603576	0.3170032139775681	1.6103659385133682	2.0396830056174675	0.0	4.283235170448154	2.0880189467968475	0.0	0.0	0.7242525556603576	1.028341839705167	2.797740735175307	0.0	0.0	0.0	3.898843108542333	0.0	1.3521550593393807	0.0	0.3170032139775681	0.0	0.0	0.0	0.6258047789032197	1.4281071303340716	0.0	0.0	0.0	0.0	0.0	0.0	0.0
sample0067	Low	Colon content	LSMJ5	B	Exp	43838	1.2009833236008616	14.38	19	0.8962007238294842	0.0	0.0	0.24644650213857489	0.24644650213857489	3.716649800648378	1.3030817871106581	0.0	2.1413930972535	3.0079040010270566	0.0	4.279735609986822	2.2338203131339736	0.0	0.0	1.1906672683693373	0.24644650213857489	2.854392424623882	0.0	0.0	0.0	3.8502078483569893	0.0	0.0	0.0	0.0	0.0	0.0	0.24644650213857489	0.8962007238294842	1.776786241373398	0.0	0.0	0.0	0.24644650213857489	0.4027043884945643	0.4027043884945643	0.0
sample0068	Low	Colon content	LSMJ7	B	Exp	44072	1.1596164010302168	12.9	16	1.2093719159496	0.0	0.0	0.4013085542417375	0.6811205010460181	3.1438984659605462	0.6811205010460181	0.0	1.57365113751085	1.3170821823390009	0.0	4.189210898923111	2.2137378883747285	0.0	0.0	0.4013085542417375	0.0	4.096518409101082	0.0	0.0	0.0	3.5859530131143647	0.0	0.5157678331219422	0.0	0.0	0.0	0.0	0.4013085542417375	0.4013085542417375	1.6235138211962923	0.0	0.0	0.0	0.0	0.0	0.0	0.0
sample0069	Low	Colon content	LSMK5	A	Exp	28750	1.0022169802030851	12.32	15	1.4616634529992365	0.0	0.0	0.0	0.0	3.069585613667571	0.5223463241086226	0.752701221015747	1.5828356479355519	1.8913435633587552	0.0	4.3333074443867465	2.9815112245975053	0.0	0.0	0.3353826051221155	0.0	3.019393956938941	0.0	0.0	0.0	3.9319920066828224	0.0	0.3353826051221155	0.0	0.0	0.5223463241086226	0.0	0.0	0.0	1.7974414168762083	0.0	0.0	0.0	0.3353826051221155	0.0	0.0	0.0
sample0071	Low	Colon content	LSML5	C	Exp	43373	1.224471137412889	12.06	15	0.750652015632886	0.0	0.0	1.0721645135886855	0.0	3.393878720052399	0.24845808637740596	0.24845808637740596	2.4964462537819148	1.5891324283008448	0.0	4.282708676939234	2.510124447123242	0.0	0.0	1.3689807122818733	0.0	3.6685187283803393	0.0	0.0	0.0	3.8038632615929386	0.0	0.0	0.0	0.0	0.0	0.0	0.0	0.520605494304035	1.9750144090743849	0.0	0.0	0.0	0.24845808637740596	0.0	0.0	0.0
sample0072	Low	Colon content	LSML7	C	Exp	35755	1.1072409004317014	13.28	15	1.3152472082737068	0.0	0.0	1.087691415493028	0.0	3.419275573708193	0.9289916992518229	0.0	2.0988117208991097	2.214693469297848	0.0	4.331892394575069	2.1943799555567622	0.0	0.0	1.053117196348326	0.0	3.5251356271719687	0.0	0.0	0.0	3.738573714402384	0.0	0.0	0.0	0.287007477742767	0.287007477742767	0.0	0.0	0.45832211346890556	1.8170058872594463	0.0	0.0	0.0	0.0	0.0	0.0	0.0
sample0073	High	Colon content	HSMA2	L	control	25065	1.2414155811913075	16.5	19	0.9549691555615977	0.0	0.0	1.1146979220914655	0.0	3.5021046718902595	0.8853174436863914	0.0	2.2487860441108323	2.141738330116735	0.0	4.135960588366037	2.5709688069290357	0.0	0.5648660494832601	1.421292215935013	0.5648660494832601	3.2727359688260393	0.0	0.0	0.0	4.14486196996154	0.0	0.6996240405325926	0.0	0.36844405449108175	0.36844405449108175	0.0	0.0	0.9549691555615977	1.627480566968397	0.0	0.0	0.36844405449108175	0.0	0.0	0.0	0.0
sample0074	High	Colon content	HSMB2	M	control	28489	1.0935820958713365	12.36	13	0.5251211078581789	0.0	0.0	1.73149402976395	0.0	3.613202316976487	0.7559645412207456	0.0	2.078111292619324	1.740864112988399	0.0	4.2656270250890085	2.1451489264830403	0.0	0.0	1.2967684629136789	0.0	2.735587698093104	0.0	0.0	0.0	3.998329937637722	0.0	0.0	0.0	0.0	0.0	0.0	0.0	0.9058911358362105	1.6705842287207007	0.0	0.0	0.0	0.0	0.0	0.0	0.0
sample0075	High	Colon content	HSMB4	N	control	33613	1.2770662505024133	12.96	15	0.0	0.0	0.0	0.6976237759950046	0.0	3.76769417445394	0.600798024626059	0.0	2.4681442951092487	1.6611110591660931	0.30018909210581257	4.254697608021861	2.354349849073142	0.0	0.0	1.6885470627472188	0.0	3.511667877564521	0.0	0.0	0.0	3.7569259982389127	0.0	0.6976237759950046	0.0	0.0	0.0	0.0	0.0	0.9527464422504416	1.7836740465623064	0.0	0.0	0.30018909210581257	0.0	0.0	0.0	0.0
sample0076	High	Colon content	HSMC2	O	control	40735	1.0635801258733923	16.06	19	0.9647169228596623	0.0	0.0	1.1985324179097399	0.5398173873223618	3.70424054716844	1.3165424563086603	0.0	2.0361420651450777	2.5028100712962655	0.0	4.319419881066466	2.026174388905112	0.0	0.42225168812683794	1.097173426713776	0.2605412890847873	2.631874346118523	0.0	0.0	0.0	3.8110083152434	0.0	1.124815626147573	0.0	0.0	0.2605412890847873	0.0	0.0	1.0676515244162899	1.6799028721978022	0.0	0.0	0.0	0.2605412890847873	0.0	0.0	0.0
sample0077	High	Colon content	HSMC4	P	control	34699	1.1674195437917205	11.16	15	0.4668541597038438	0.0	0.0	0.5904922733884013	0.0	2.7112636785946806	0.0	0.0	1.6183419879364573	0.4668541597038438	0.0	4.146474580742285	2.470279846588387	0.0	0.0	0.5904922733884013	0.29335251920260197	3.7957490867978683	0.0	0.0	0.0	4.091582342144005	0.0	0.29335251920260197	0.0	0.0	0.0	0.0	0.29335251920260197	0.0	1.2406547665037553	0.0	0.0	0.4668541597038438	0.0	0.0	0.0	0.0
sample0078	High	Colon content	HSMD2	U	control	28732	1.0446176044168511	11.36	14	1.4790547265907423	0.0	0.0	0.0	0.5225366357955504	3.3992716101531006	0.5225366357955504	0.0	1.878422255737973	1.1022121418255728	0.0	4.062437757621951	2.309143754524304	0.0	0.0	0.5225366357955504	0.3355289647038416	2.8199323422693485	0.0	0.0	0.0	4.263072332036789	0.0	0.3355289647038416	0.0	0.0	0.0	0.0	0.0	0.0	2.078696511368292	0.0	0.0	0.0	0.0	0.0	0.0	0.0
sample0079	High	Colon content	HSME1	V	control	44610	1.0730348031874877	13.62	17	0.2431796581934862	0.0	0.0	0.2431796581934862	0.0	3.3321116681306253	0.7961575285511527	2.4712539871165853	2.703621074593063	1.8546317736335394	0.0	4.36365080844406	2.452115619036065	0.0	0.0	1.502063679108473	0.0	3.6390690543045636	0.0	0.0	0.0	3.4244356435298755	0.5121120918531976	1.2958807297841728	0.0	0.0	0.3981382490558253	0.0	0.0	0.0	1.0609994745917661	0.0	0.0	0.0	0.0	0.2431796581934862	0.0	0.0
sample0080	High	Colon content	HSME3	V	control	33086	1.1257524074217151	16.54	18	0.6059504497962843	0.0	0.0	0.7824718385352962	0.0	3.0915351819300514	0.849541444155935	0.9588496142260137	2.503473779671893	1.918930629122022	0.0	4.101289334030103	2.4880362180222755	0.0	0.7824718385352962	1.4821291655013618	0.0	3.187305400503297	0.0	0.0	0.0	4.233322874724235	1.0461039309647102	2.2010464278302004	0.0	0.0	0.0	0.0	0.0	0.3036275031311972	1.5961121378681327	0.0	0.0	0.6059504497962843	0.0	0.0	0.0	0.0
sample0081	High	Colon content	HSMF1	W	control	45333	0.8867085870046673	12.64	16	1.0820310485964593	0.0	0.0	0.734927839538968	0.39396111511127896	3.5054339332065982	0.5072890814530518	0.0	1.8655943511174833	1.7031727553608107	0.0	3.722372336946055	2.2035741301790766	0.0	0.240199706474113	0.734927839538968	0.0	2.739605008362935	0.0	0.0	0.0	4.381844787621151	0.0	0.0	0.0	0.0	0.240199706474113	0.0	0.0	0.5072890814530518	1.7893353668684029	0.0	0.0	0.0	0.0	0.0	0.0	0.0
sample0082	High	Colon content	HSMF3	W	control	27035	1.131401980110118	12.9	14	1.367226816526814	0.0	0.0	0.0	0.0	3.64101742766868	0.9258803692433867	0.0	1.7988246533275631	1.5046421477855931	0.0	4.2684906606645665	2.583989286072513	0.0	0.0	0.6735288934152085	1.4696098996539633	2.8591670777301417	0.0	0.0	0.0	3.9635826571142956	0.0	0.0	0.0	0.34995790217385747	0.0	0.0	0.0	0.5412057252142803	1.9839185094664404	0.0	0.0	0.0	0.0	0.0	0.0	0.0
sample0083	High	Colon content	HSMJ6	D	control	29927	1.200778461543051	12.36	13	1.1915816317650534	0.0	0.0	0.639134063768741	0.0	3.328175204012487	0.7384066866804673	0.0	1.7290399309437914	2.0024903827579483	0.0	4.257252902010226	2.3180255538152794	0.0	0.0	0.9460466584995804	0.0	3.6549155456066633	0.0	0.0	0.0	3.9199770057686516	0.0	0.7384066866804673	0.0	0.0	0.0	0.0	0.0	0.0	1.6811551549450605	0.0	0.0	0.0	0.0	0.0	0.0	0.0
sample0084	High	Colon content	HSMJ8	D	control	23122	1.2653435208187649	15.72	18	1.5871561297233943	0.0	0.0	0.3888290868381397	0.3888290868381397	3.810881525685893	1.4970692092986178	0.0	1.8742096792632406	1.3832693543375363	0.0	4.134558358570939	2.168079080085032	0.0	0.5906411577397569	0.7278907369303247	0.7278907369303247	3.1220726372771046	0.0	0.0	0.0	4.0641972397039465	0.0	1.2286337636964317	0.0	0.3888290868381397	0.0	0.0	0.0	1.3832693543375363	2.010159863637806	0.0	0.0	0.0	0.0	0.0	0.0	0.0
sample0085	High	Colon content	HSMA1	L	Exp	29686	1.2579126897152624	14.52	17	1.3284259419743494	0.0	0.0	1.2250676801183524	0.327952039992749	3.741304415285576	0.9491619817253247	0.0	1.8222886354061558	2.533552214397337	0.0	4.1419613567417946	2.2798673471620883	0.0	0.0	0.9491619817253247	0.8221366979438908	2.9957105740594017	0.0	0.0	0.0	4.091205570369807	0.327952039992749	0.5126587977811814	0.0	0.0	0.0	0.0	0.0	0.327952039992749	2.0932168909570508	0.0	0.0	0.0	0.0	0.0	0.0	0.0
sample0086	High	Colon content	HSMB1	M	Exp	60485	1.4351161731653213	13.42	16	0.42499979257686993	0.0	0.0	0.8152951633454169	0.0	3.7631148048439385	0.9937532838077057	0.0	2.6600544180757284	1.7245708606584846	0.0	4.100325634293593	2.1407797845291063	0.0	0.0	1.1377406170248405	0.19133211114738272	3.779597687800604	0.0	0.0	0.0	3.921543118469977	0.0	0.0	0.0	0.0	0.0	0.0	0.0	0.776858849800591	1.645214097239849	0.0	0.0	0.0	0.3236952860881393	0.0	0.3236952860881393	0.0
sample0087	High	Colon content	HSMB3	N	Exp	16497	1.3432736135634742	11.62	12	1.3283060517028107	0.0	0.0	0.0	0.0	3.5711715238308233	1.3678408717642494	0.0	2.3347386942372297	1.65946042222175	0.0	4.210481308949246	2.660551346289626	0.0	0.0	0.0	0.0	3.7254702298345	0.0	0.0	0.0	3.8683403703464987	0.0	0.0	0.0	0.0	0.0	0.0	0.0	0.4813909251171772	1.7771333720100855	0.0	0.0	0.8505799458088754	0.0	0.0	0.0	0.0
sample0088	High	Colon content	HSMC1	O	Exp	46191	1.0135776748271672	11.12	14	0.986707575409185	0.0	0.0	0.0	0.0	2.7969709498104307	0.38912374931165367	0.0	1.297692581065541	1.9371963647384283	0.0	4.340494526348226	2.6612442811746497	0.0	0.2367590358109707	0.6650556708484479	0.2367590358109707	3.6750718673939478	0.0	0.0	0.0	3.7509880698437708	0.0	0.0	0.0	0.0	0.0	0.0	0.0	0.2367590358109707	1.100304688807545	0.0	0.0	0.0	0.0	0.0	0.0	0.0
sample0089	High	Colon content	HSMC3	P	Exp	31474	1.178908719147261	13.22	14	0.0	0.0	0.0	1.7898503914566914	0.0	3.6383764094873947	1.0242583045616283	0.0	2.2388996099513108	2.2388996099513108	0.0	4.301790019331709	2.493650574560391	0.0	0.0	1.4408418773377587	0.0	3.1623035197414002	0.0	0.0	0.0	3.827928306611114	0.0	1.9456359303950606	0.0	0.0	0.0	0.0	0.0	0.7205988930040523	1.889837658733067	0.0	0.0	0.31467374753410965	0.0	0.0	0.0	0.0
sample0090	High	Colon content	HSMD1	U	Exp	41654	1.3302241676812432	13.52	16	0.6248327715588611	0.0	0.0	0.4162527615766983	0.0	3.7280047066884734	0.8710287426951956	0.0	2.396870565591732	2.052051525250654	0.0	4.243469077938666	2.676933897122494	0.0	0.0	1.2114642208130966	0.0	3.733326974569237	0.0	0.0	0.0	3.628889041167829	0.0	1.4762238596674	0.0	0.25619690394909134	0.0	0.0	0.0	0.8710287426951956	1.781639205665098	0.0	0.0	0.25619690394909134	0.0	0.0	0.0	0.0
sample0091	High	Colon content	HSMD3	U	Exp	28975	1.2743042280253636	15.58	18	1.4583952408297094	0.0	0.0	0.8310954772441171	0.0	3.7142591986489752	1.5379682273943862	0.0	2.404957214602614	1.9132344241701915	0.0	4.1031600200717175	1.9132344241701915	0.0	0.5199804291722164	0.5199804291722164	0.0	2.8933026846889973	0.0	0.0	0.0	4.138378934433013	0.0	2.700155375201687	0.0	0.3335643468183769	0.0	0.0	0.3335643468183769	1.3822263903345968	1.9008012495956799	0.0	0.0	0.3335643468183769	0.0	0.0	0.0	0.0
sample0092	High	Colon content	HSME2	V	Exp	36835	0.9011987199143808	13.74	17	0.809828352293554	0.0	0.0	0.0	0.2808055853669217	3.324631088547506	0.8670541779223258	0.2808055853669217	2.0827415832135014	1.976014358905611	0.0	4.388365490558351	2.2488206811698386	0.0	0.0	1.3221772452985425	0.0	3.1160501860096113	0.0	0.0	0.0	3.710926656693486	0.9628893454634027	0.0	0.0	0.2808055853669217	0.0	0.0	0.0	0.4499405240195064	1.60300285364758	0.0	0.0	0.0	0.0	0.2808055853669217	0.0	0.0
sample0093	High	Colon content	HSME4	V	Exp	34311	1.0494068507618426	16.2	19	0.8360201105401057	0.0	0.0	1.9485498615733237	0.47007710479087067	3.6236686488903436	0.893820901483262	0.47007710479087067	1.7748963292538924	1.1041591973435474	0.0	4.270037674301127	1.6971711782605612	0.0	0.5941272345277614	1.3877598652258536	1.1661971435042517	2.4126768622655623	0.0	0.0	0.0	4.003575898198262	0.0	0.0	0.2957576234919025	0.0	0.47007710479087067	0.0	0.0	0.47007710479087067	1.7138689286739333	0.0	0.0	0.0	0.0	0.0	0.0	0.0
sample0094	High	Colon content	HSMF2	W	Exp	44171	1.1457643007959375	16.52	21	1.0356056140852528	0.0	0.4007211210565596	0.7997686070965025	0.24502637316875742	3.675171701536615	1.1875933892583608	0.0	2.105820285430014	1.849657651481979	0.0	4.101656572620108	2.0736989525311826	0.0	0.5150907604798148	1.1875933892583608	2.4482628449040553	2.1568812853219286	0.0	0.0	0.0	4.183558840734547	0.0	0.0	0.0	0.4007211210565596	0.0	0.0	0.0	0.7997686070965025	1.7623204624165272	0.0	0.0	0.7997686070965025	0.0	0.24502637316875742	0.24502637316875742	0.0
sample0095	High	Colon content	HSMF4	W	Exp	20105	1.3979647292369317	10.7	12	0.7778771093295749	0.0	0.0	0.0	0.6365690504512667	2.6099770195924337	0.0	0.0	1.6928181418308914	1.6928181418308914	0.0	4.068944366601563	3.5755514130350528	0.0	0.0	0.425763142706584	0.0	3.8813979885533723	0.0	0.0	0.0	3.9916055932107066	0.0	0.0	0.0	0.0	0.0	0.0	0.425763142706584	0.0	1.850933994075702	0.0	0.0	0.0	0.0	0.0	0.0	0.0
sample0096	High	Colon content	HSMJ7	D	Exp	27250	1.1744025487254677	9.6	10	1.4476558515791411	0.0	0.0	0.0	0.5387577816850129	3.000515731128549	0.0	0.0	1.2601251799281425	0.8539209152627819	0.0	4.2024915166368855	2.4235366363856654	0.0	0.0	0.0	0.0	3.7292240132473555	0.0	0.0	0.0	4.034621204109547	0.0	0.0	0.0	0.0	0.0	0.0	0.0	0.0	1.592073516038005	0.0	0.0	0.0	0.0	0.0	0.0	0.0
sample0097	High	Fecal content	HSMD6	null	control	19543	1.327557345001357	NA	16	0.6460696527525122	0.0	0.0	0.7881606198986246	0.6460696527525122	3.602042048383896	0.6460696527525122	0.0	1.9291712737623747	2.8277648356551572	0.0	4.255789870885016	2.3041796162937684	0.0	0.0	1.6584475426371357	0.0	3.6683350297453616	0.0	0.0	0.0	3.750841500898231	0.0	1.7193222044069782	0.0	0.0	0.0	0.0	0.0	0.7881606198986246	1.9865237174797468	0.0	0.0	0.0	0.0	0.0	0.6460696527525122	0.0
sample0098	Low	Fecal content	LSMF3	null	control	34936	1.1949843642525548	NA	18	1.1290228134544653	0.0	0.0	0.0	0.0	3.858232772080765	0.8869901315541248	0.291903286076782	2.1747960526418777	2.674435804554791	0.0	4.251741212501185	2.1022673448261378	0.0	0.5882969802395852	0.9378822267485036	0.4649091833860866	2.4364616422914205	0.0	0.0	0.0	3.850021308469256	0.0	2.157767544491597	0.0	0.291903286076782	0.0	0.0	0.0	1.024653320195301	2.124701025869676	0.0	0.0	0.0	0.0	0.0	0.291903286076782	0.0
sample0099	Low	Fecal content	LSMF4	null	cross	33452	0.8066537926973455	NA	16	1.0795495300690594	0.0	0.0	0.0	0.0	3.747347086607832	0.60236133784348	0.0	1.4627858995792082	1.5914560593195215	0.0	4.404636599727939	2.47315684615656	0.0	0.7784860669417486	0.9034415376040957	0.8454424189679138	2.5847319275348264	0.0	0.0	0.0	3.149312457016485	0.0	1.431750640101257	0.0	0.0	0.0	0.0	0.0	1.2308270482804715	2.4365629250169083	0.0	0.0	0.0	0.0	0.0	0.8454424189679138	0.0
sample0100	Low	Fecal content	LSME4	null	cross	32515	0.9979705825989128	NA	16	0.9142578448981082	0.0	0.0	0.3074467497858829	0.3074467497858829	3.174698048240092	0.0	1.3739217006197653	1.9619889946874698	1.5174975350782667	0.0	4.305969365006022	2.590198662885298	0.0	0.0	0.0	0.0	2.945199176016882	0.0	0.0	0.0	4.011477535774508	0.4856560299103201	1.3343611031016673	0.0	0.0	0.0	0.0	0.0	0.3074467497858829	1.675224889192003	0.0	0.0	0.0	0.0	0.0	0.3074467497858829	0.0
sample0101	Low	Fecal content	LSME5	null	control	37892	1.0269474747666532	NA	17	1.2280294195661956	0.0	0.0	0.0	0.2749983459442121	3.591416654689972	1.0301972594397202	0.0	1.7732038249756694	2.675547778920375	0.0	4.365738558096265	2.850521977493395	0.0	0.6565358865271917	1.410641841116955	0.0	2.5146325669957186	0.0	0.0	0.0	3.6536873570974873	1.0964701071008396	1.924601475329476	0.0	0.2749983459442121	0.0	0.0	0.0	0.0	2.1745012715014336	0.0	0.0	0.2749983459442121	0.0	0.0	0.0	0.0
sample0102	High	Fecal content	HSMD5	null	cross	49257	1.2327716272404754	NA	18	0.7602960222983309	0.0	0.0	0.9282608681682416	0.0	3.5411566089032616	0.7602960222983309	3.0626696647812044	1.7101365968907944	0.9282608681682416	0.0	4.005205981883917	1.7888657814920477	0.0	0.0	0.8087566005573098	0.0	3.1171183792262123	0.0	0.0	0.0	4.23486609046452	0.0	1.8985740808945069	0.0	0.37282382089023103	0.0	0.22524734618412506	0.0	0.8919611920847988	1.3943048192966183	0.0	0.0	0.22524734618412506	0.0	0.0	0.0	0.0
sample0103	High	Fecal content	HSMF4	W	cross	38215	1.130047845530024	NA	16	0.6536651856454562	0.0	0.0	0.7963688825890864	0.0	3.472423290847164	1.061229189625092	3.005225094735258	1.3599175999763646	2.219376404394105	0.0	4.351849017080987	2.10137848854947	0.0	0.0	1.6066800519462878	0.0	3.498668190544463	0.0	0.0	0.0	3.52727632850506	0.0	2.079758320009386	0.0	0.0	0.0	0.0	0.0	0.6536651856454562	1.0268561230769393	0.0	0.0	0.0	0.0	0.0	0.5597294791707577	0.0
sample0104	High	Fecal content	HSMF5	null	cross	34457	1.3257331842925408	NA	19	1.1924552587037327	0.0	0.0	0.2948478204930971	0.46885864235436403	3.829345491609286	1.4193778086891005	2.1179737169994777	1.4351553820268914	1.2669644087719512	0.0	4.2197806353633345	2.0948550349197554	0.0	0.0	0.7677981867410253	0.2948478204930971	3.783080839874298	0.0	0.0	0.0	3.536798497849204	0.0	2.2024672513306243	0.0	0.0	0.0	0.0	0.2948478204930971	0.7677981867410253	2.104914101075975	0.0	0.0	0.0	0.0	0.0	0.46885864235436403	0.0
sample0105	High	Fecal content	HSME4	V	control	36977	1.2784517886264228	NA	17	0.2800107156818272	0.0	0.0	0.5701368482223039	0.44886323520662164	3.568626552247804	0.5701368482223039	2.3480114587865923	1.5600836758571373	2.067833048640983	0.0	4.260047260561473	2.655083521195699	0.0	0.0	1.5812191597821206	0.2800107156818272	3.8784280066795023	0.0	0.0	0.0	3.4824687339729725	1.2812642020495677	0.0	0.0	0.0	0.0	0.0	0.0	0.2800107156818272	2.0026232376137756	0.0	0.0	0.0	0.0	0.0	0.0	0.0
sample0106	High	Fecal content	HSME5	null	cross	19279	1.3645217742692208	NA	13	0.6506490148973127	0.0	0.0	0.0	0.0	3.1699626374521053	0.0	3.4257276747266823	1.3392744522255957	0.9860453858816395	0.0	4.198903637115216	2.594952827830485	0.0	0.0	0.0	0.0	3.9780104692513834	0.0	0.0	0.0	3.5454293606167444	0.6506490148973127	0.0	0.0	0.0	0.0	0.0	0.0	0.6506490148973127	1.926159165136069	0.43723641255026846	0.0	0.0	0.0	0.0	0.0	0.0
sample0107	Low	Fecal content	LSMD4	null	cross	32457	1.1660464723742832	NA	18	1.4279766875597293	0.0	0.0	0.7098158128596681	0.30784030028555	3.800051766532427	1.1264339653697286	0.30784030028555	1.9528817294549372	1.7986270888831772	0.0	4.218393965010714	1.9427778022623332	0.0	0.0	0.8567082825563813	0.0	2.649972623925574	0.0	0.0	0.0	3.9883480064296912	0.0	1.8825673153160793	0.0	0.7098158128596681	0.0	0.0	0.0	0.7894431422555362	1.9427778022623332	0.0	0.0	0.0	0.0	0.0	0.30784030028555	0.0
sample0108	Low	Fecal content	LSMD5	null	cross	42780	1.1833020087819206	NA	15	1.01670475856197	0.0	0.0	0.2510728742554355	0.0	3.9691401515286584	0.2510728742554355	0.0	1.9477273444621686	1.5773293121572138	0.0	4.113174856055156	1.6361327451100656	0.0	0.0	0.0	0.4091475990299215	2.393651580410029	0.0	0.0	0.0	4.026651576023988	0.0	1.5092981771776584	0.0	0.0	0.2510728742554355	0.0	0.2510728742554355	0.0	2.018340431628332	0.0	0.0	0.0	0.0	0.0	0.0	0.0
sample0109	High	Fecal content	HSMD6	null	control	35508	1.1732789609323113	NA	15	0.8233318367084571	0.0	0.0	0.8233318367084571	0.0	3.2110501225396946	1.0558622091078258	2.2323212925480496	1.531529125934082	1.9917834495433229	0.0	4.262524514417441	2.320968899532727	0.0	0.0	1.5067483864400832	0.0	3.9740657432592035	0.0	0.0	0.0	3.5492302024300413	0.0	0.0	0.0	0.0	0.0	0.0	0.0	0.9316488191910814	1.4378004052449826	0.0	0.0	0.28846597352745684	0.0	0.0	0.0	0.0
sample0110	Low	Fecal content	LSMF3	null	control	24930	1.3865425515302883	NA	18	1.3771667405768178	0.0	0.0	0.0	0.0	3.7320838800145437	1.3252320272359017	0.7015021018798504	1.971611883838251	1.989902066989316	0.0	4.175132706942309	2.3604484287755723	0.0	0.0	1.1979382296158316	0.0	3.820397072311568	0.0	0.0	0.0	3.770144891658757	0.5665739463714683	0.8042973039964847	0.0	0.0	0.0	0.0	0.3697869315769273	0.7015021018798504	2.1000476235194756	0.0	0.0	0.3697869315769273	0.0	0.0	0.3697869315769273	0.0
sample0111	Low	Fecal content	LSMF4	null	cross	41498	1.0003244412407055	NA	17	0.957538898208436	0.0	0.0	0.7664978466936319	0.0	3.7810023642316626	0.7664978466936319	0.0	2.068881047137717	2.6111525934335758	0.0	4.364621657122225	2.2126623887907573	0.0	0.7019378778653637	1.4659773901476514	0.25692382701805316	3.167402097722797	0.0	0.0	0.0	3.2952956233231374	0.0	0.6260762955745046	0.0	0.4172581255599462	0.0	0.0	0.0	1.2539192819494052	1.9646124955780493	0.0	0.0	0.0	0.0	0.0	0.0	0.0
sample0112	Low	Fecal content	LSME4	null	cross	43519	1.2616344498988066	NA	20	0.8546155387823978	0.0	0.0	0.0	0.0	3.4240017545458366	0.6103991468365086	2.8717059987753717	1.7629383818653177	2.595669061513186	0.0	4.304152720005634	2.90079134337096	0.24782286936933212	0.5195866972186035	1.4085857170369356	0.0	3.799974656557843	0.0	0.0	0.0	3.3614237300973846	0.0	0.0	0.0	0.24782286936933212	0.24782286936933212	0.0	0.24782286936933212	0.5195866972186035	1.6806311343194023	0.0	0.0	0.24782286936933212	0.0	0.0	0.6103991468365086	0.0
sample0114	High	Fecal content	HSMD5	null	cross	36364	1.4638039293638925	NA	18	1.1967937332318628	0.0	0.0	0.4535544395136536	0.4535544395136536	3.8481022645602923	1.5333627086251322	3.017263699937432	2.1657842729497454	1.3805604267026035	0.0	4.117207089969831	1.8279866487794265	0.0	0.0	0.871888340708552	0.5754553309332049	3.584401336887947	0.0	0.0	0.0	3.9082935109049854	0.0	0.5754553309332049	0.0	0.0	0.0	0.0	0.0	1.2448681308931646	1.6551102289270627	0.0	0.0	0.0	0.0	0.0	0.7484873456128199	0.0
sample0115	High	Fecal content	HSMF4	W	cross	27636	1.2559211162323092	NA	19	1.401941484899077	0.0	0.0	1.7150498282641657	0.3447007678244015	3.903341481134047	1.1177916054141985	0.3447007678244015	1.9688533422129166	2.1582578468170626	0.0	4.2299673309349695	1.9515543150823613	0.0	0.0	1.1177916054141985	0.3447007678244015	3.2266212586247573	0.0	0.0	0.0	3.7946348695460435	0.0	2.0463113639462587	0.0	0.3447007678244015	0.0	0.0	0.0	0.8486725458787584	1.586122183628554	0.0	0.0	0.5344247617709673	0.0	0.0	0.0	0.0
sample0116	High	Fecal content	HSMF5	null	cross	35157	0.8969456908901386	NA	16	1.0944224329364622	0.0	0.0	1.3776197026169972	0.0	3.4618355883207177	1.0944224329364622	0.0	1.4267448439553598	2.089570026123081	0.0	4.370770756865308	2.19378825426898	0.0	0.0	1.5235000105872596	0.29056520935754054	2.3349335281407857	0.0	0.0	0.0	3.807088364513981	0.0	1.6782160820149479	0.0	0.29056520935754054	0.0	0.0	0.0	0.682103130226084	1.651371626187661	0.0	0.0	0.0	0.0	0.0	0.0	0.0
sample0117	High	Fecal content	HSME4	V	control	40925	1.0490560737357808	NA	19	0.6306939321310646	0.0	0.0	1.5776863581785034	0.2596307066612332	3.513287696782212	1.0658038703252808	1.8484545687838234	1.7338391700937896	2.3618848484353236	0.0	4.362424957958512	2.5247944021817963	0.0	0.0	1.5776863581785034	0.42099620396339615	3.6521085471478396	0.0	0.0	0.0	3.2698589776670226	0.0	0.0	0.0	0.42099620396339615	0.0	0.0	0.0	0.42099620396339615	1.7715062444943492	0.0	0.0	0.0	0.42099620396339615	0.0	0.2596307066612332	0.0
sample0118	High	Fecal content	HSME5	null	cross	31159	1.1826781613108424	NA	20	1.41019378219843	0.0	0.0	1.702696365533085	0.4981957996806155	3.8921129696641175	1.5073556438585791	0.4981957996806155	2.056261728335799	2.583824099039574	0.0	4.274524750401872	2.476736475577614	0.0	0.0	0.7241394603724639	0.0	2.704197229965983	0.0	0.3169310013046945	0.0	3.7239049082025897	0.0	0.3169310013046945	0.0	0.7241394603724639	0.0	0.0	0.0	1.1079023478880488	2.1515858395530127	0.0	0.3169310013046945	0.3169310013046945	0.0	0.0	0.0	0.0
sample0119	Low	Fecal content	LSMD4	null	cross	19495	0.9934755685324147	NA	13	1.367871884747079	0.0	0.0	0.9817088269732676	0.0	3.6193583581895443	0.8959780947005076	0.0	1.809883218286094	2.415548907915785	0.0	4.337971289423301	2.228699263960904	0.0	0.0	1.367871884747079	0.0	2.210710176507208	0.0	0.0	0.0	3.829025884642604	0.0	0.0	0.0	0.0	0.0	0.0	0.0	0.6468966074415563	1.9388986250245872	0.0	0.0	0.0	0.0	0.0	0.0	0.0
sample0120	Low	Fecal content	LSMD5	null	cross	30028	1.0106787703527458	NA	17	0.8179148881276745	0.0	0.0	1.2486075334102047	0.0	3.3218932369241556	0.325322266476885	0.0	1.4769982758864313	1.5229223450794034	0.0	4.31920630764812	2.4415683757129156	0.0	0.0	1.7090799728979644	0.5092180996209221	2.9877625207306453	0.0	0.0	0.0	3.956740956575954	0.0	0.0	0.0	0.325322266476885	0.0	0.0	0.325322266476885	0.325322266476885	1.9710429005775194	0.0	0.0	0.0	0.0	0.0	0.325322266476885	0.0
sample0121	Low	Fecal content	LSMJ2	null	control	39484	1.1284916789173056	NA	16	1.3934764720308708	0.0	0.0	0.0	0.4307241917438311	3.5881458283467995	0.0	0.4307241917438311	2.015400065861571	1.5928493499514236	0.0	4.319640981352004	2.629261437377782	0.0	0.2667051062990001	0.2667051062990001	0.0	3.33172559137625	0.0	0.0	0.0	3.7725802475644556	0.8912087898706764	0.2667051062990001	0.0	0.4307241917438311	0.0	0.0	0.0	0.0	1.8102392536159093	0.0	0.0	0.0	0.0	0.0	0.0	0.0
sample0122	Low	Fecal content	LSMK2	null	control	37562	1.232491218369759	NA	17	1.3140972267493618	0.0	0.0	0.6594998111242164	0.0	3.5683452160129177	1.0999659347272173	0.0	1.7502546712090945	1.6501019990648884	0.0	4.2655862182957245	2.247007447128179	0.0	0.0	0.4444835956185536	0.0	3.678438799858037	0.0	0.0	0.0	3.7925047369118126	1.1296793184650966	0.0	0.0	0.27678456242004235	0.0	0.0	0.0	0.8026663882621635	1.6992069090259667	0.0	0.0	0.565164611627156	0.0	0.0	0.27678456242004235	0.0
sample0123	High	Fecal content	HSMK1	null	control	25009	1.4282593940956796	NA	14	0.9558328940927743	0.0	0.0	0.0	0.0	3.3401780375265	0.3689998437648904	3.0220101962779657	2.1299592765293114	1.264932828894179	0.0	4.029912321673105	2.1902369435136446	0.0	0.0	0.0	0.3689998437648904	4.0316997121439035	0.0	0.0	0.0	3.92446212842037	0.0	0.3689998437648904	0.0	0.0	0.0	0.0	0.0	0.565573087098248	1.7368222677906735	0.0	0.0	0.0	0.0	0.0	0.0	0.0
sample0124	High	Fecal content	HSML1	null	control	41566	1.2870104334158443	NA	19	1.3866876053298534	0.0	0.0	1.2332688962010154	0.0	3.563642558233025	1.0891106809991902	2.049854008656595	2.1497223366435874	2.258733836436376	0.0	4.2557368601662615	2.5040454614892456	0.0	0.0	1.2723480308166166	0.2566064419306201	3.4943843657398608	0.0	0.0	0.0	3.889497234461987	0.0	0.5335956129336937	0.0	0.5335956129336937	0.2566064419306201	0.0	0.0	1.341315147978662	1.928272251827458	0.0	0.0	0.0	0.0	0.0	0.4168192484285813	0.0
sample0125	High	Fecal content	HSMK2	null	control	31782	1.2337508421315835	NA	16	0.9229659965812571	0.0	0.0	1.3002334760910532	0.0	3.3858688589420782	0.7171775521229642	2.0224219327860036	1.7856900528981499	1.684920561098945	0.0	4.1834396436880015	2.5977717778397458	0.0	0.0	0.4923467284571957	0.0	4.090975041774516	0.0	0.0	0.0	3.4427550761148447	0.0	0.0	0.0	0.31249884925916505	0.0	0.0	0.0	1.197260544105215	1.624150692346207	0.0	0.0	0.0	0.0	0.0	0.31249884925916505	0.0
sample0126	High	Fecal content	HSMJ1	null	control	36222	1.371004875167499	NA	15	1.2686541351340914	0.0	0.0	1.2686541351340914	0.0	3.3892745396781465	1.1443047037207479	2.802227312077961	2.0560452638778584	1.365210180814118	0.0	4.183679543134465	2.6901943073467423	0.0	0.0	0.924023536420886	0.0	3.9858429632573467	0.0	0.0	0.0	3.6732582106765714	0.0	0.45465642750778307	0.0	0.0	0.0	0.0	0.0	0.7498838318048255	1.7924561442552251	0.0	0.0	0.0	0.0	0.0	0.0	0.0
sample0127	Low	Fecal content	LSMJ1	null	control	40075	0.7257504530597128	NA	17	1.1573999030081208	0.0	0.0	0.0	0.2637561421256577	3.5099077364025035	0.2637561421256577	0.2637561421256577	1.5472306208118443	1.613887844977997	0.0	4.434343788586564	2.7659282081932575	0.0	0.5448765965376184	0.2637561421256577	0.0	2.7901225098189237	0.0	0.0	0.0	3.2299160857163125	1.35646935072974	0.6376927837902816	0.0	0.0	0.0	0.0	0.0	0.5448765965376184	1.6868499894153641	0.0	0.0	0.0	0.0	0.0	0.0	0.0
sample0128	Low	Fecal content	LSMK1	null	control	37320	1.100873294217113	NA	18	1.1862488744687596	0.0	0.0	1.0361911669675317	0.0	3.1698696077485438	0.4462840372192583	1.9986533166923144	1.485822444871565	1.6260376809304924	0.0	4.292355796609937	2.400217942511493	0.0	0.0	1.1025506789622963	0.2781097758646138	3.9637803686166144	0.0	0.0	0.0	3.426531851871323	1.6528464426473914	0.0	0.0	0.0	0.0	0.0	0.2781097758646138	0.2781097758646138	1.4729016736417238	0.0	0.0	0.0	0.0	0.0	0.2781097758646138	0.0
sample0129	High	Fecal content	HSMK3	null	cross	39158	1.1936606575260273	NA	17	1.3497986008223168	0.0	0.0	2.1255995281426476	0.0	3.8031773706254337	1.191346082032002	1.7255806425356344	2.2201843257966023	1.8467139285917415	0.0	4.300999567409803	2.233401218521091	0.0	0.0	0.4329927770803175	0.4329927770803175	3.510776535671915	0.0	0.0	0.0	3.5051267886521247	0.9800366945665775	0.0	0.0	0.5520863142902626	0.0	0.0	0.0	0.7222526284856787	1.6815038187889413	0.0	0.0	0.0	0.0	0.0	0.0	0.0
sample0130	Low	Fecal content	LSMJ3	null	cross	33065	1.2004903972287588	NA	18	1.327416376049771	0.0	0.0	0.0	0.0	3.169209115707344	1.0049128523342716	1.850475897514606	1.9921711520912049	1.4676663300452082	0.0	4.249682626776528	2.6224425562401645	0.0	0.0	0.6061578846521766	0.7827020875003888	3.602270874133462	0.0	0.0	0.0	3.978397741115976	1.0841845550550893	0.959095046856053	0.0	0.4807657313641744	0.303766216330674	0.0	0.0	0.7033397206190801	1.6774378081251662	0.0	0.0	0.0	0.0	0.0	0.0	0.0
sample0131	High	Fecal content	HSMK4	null	cross	29649	1.0827427482876697	NA	16	1.4823318270837456	0.0	0.0	0.9496427588399721	0.0	3.134839553041804	1.127831068047737	2.2620217250309698	1.351350197517095	2.0937541566203404	0.0	4.2866949935133665	2.545414246834992	0.0	0.0	1.0478122166542152	0.32823921887567203	4.018104196143739	0.0	0.0	0.0	3.1834323255128925	1.0896619777068028	0.0	0.0	0.6422601641090191	0.0	0.0	0.0	0.0	1.844402657420231	0.0	0.0	0.0	0.0	0.0	0.0	0.0
sample0132	Low	Fecal content	LSML2	null	cross	33298	1.0703816708140734	NA	16	1.3245107278773212	0.0	0.0	0.0	0.0	3.520260378893555	0.8471608731331397	1.6358183484761148	1.9517687383800717	2.0922912946804852	0.0	4.348641161653392	2.4072299595363558	0.0	0.30223450541492497	0.7008956196602423	0.0	3.7054385174424618	0.0	0.0	0.0	3.3313954187717747	1.4936899866829343	0.47872652648723535	0.0	0.0	0.0	0.0	0.0	1.1483623300953103	1.7266362904331145	0.0	0.0	0.0	0.0	0.0	0.0	0.0
sample0133	High	Fecal content	HSML2	null	cross	32381	0.82187364445275	NA	19	1.0131019143231406	0.0	0.0	1.8835721072970546	0.3083575784466923	3.54138531864621	1.1273760702456834	0.7902960919655292	1.9228421055128464	2.5058491650270645	0.0	4.419691479205221	1.9921067060340885	0.0	1.0546249461384414	1.1896709199818736	0.0	3.119350756008892	0.0	0.0	0.0	3.2325349712858396	0.0	0.3083575784466923	0.0	0.48686414608634515	0.0	0.0	0.0	1.2925342612224744	1.7044378667141684	0.0	0.0	0.3083575784466923	0.0	0.0	0.0	0.0
sample0134	Low	Fecal content	LSMK3	null	cross	34369	1.2189370702561129	NA	19	0.9441745198932648	0.0	0.0	0.9898046718288268	0.4695922282457449	3.0332070734748386	0.7687193945139407	1.4661611097293425	1.533053218013593	1.5910041494628548	0.0	4.197555636838752	2.5150304208015237	0.0	0.2953954978344288	0.9898046718288268	0.0	4.015966847166905	0.0	0.0	0.0	3.759142699882729	0.2953954978344288	0.0	0.0	0.0	0.0	0.0	0.2953954978344288	0.593580592293735	1.8083749701771554	0.0	0.0	0.0	0.0	0.0	0.593580592293735	0.0
sample0135	High	Fecal content	HSMJ2	null	cross	33782	1.2600432784913462	NA	17	1.411260984050457	0.0	0.0	0.0	0.6958835395371402	3.5702865776357435	1.3185424367519554	2.0789559042583203	1.893814665907453	1.2750961765710642	0.0	4.265885060984642	2.3690669174249903	0.0	0.0	0.2991035271946263	0.4745507263937217	3.6811640655979208	0.0	0.0	0.0	3.7728403120381	0.0	0.4745507263937217	0.0	0.2991035271946263	0.0	0.0	0.0	0.8417902718155749	1.959968464936118	0.0	0.0	0.0	0.0	0.0	0.0	0.0
sample0136	Low	Fecal content	LSML1	null	cross	26301	1.2539962488703846	NA	16	1.1761997368996207	0.0	0.0	0.0	0.0	3.7319905468149637	0.8671927770976532	2.133363877671567	2.033173182097674	1.8590890607873154	0.0	4.261939036713691	2.237704984492406	0.0	0.0	0.5497553687684338	0.0	3.461792027813557	0.0	0.0	0.0	3.8007520659530685	0.0	0.0	0.0	0.3566124134715867	0.0	0.0	0.3566124134715867	0.5497553687684338	1.922981782306202	0.0	0.0	0.3566124134715867	0.0	0.0	0.0	0.0
sample0137	Low	Fecal content	LSMJ2	null	control	29888	0.9839686346451876	NA	13	1.2770243335738973	0.0	0.0	0.0	0.0	2.590772214864858	0.0	0.8196363880370552	1.4789603102426465	1.3256194744481546	0.0	4.316988896581031	2.9479932852881388	0.0	0.0	0.32639342800201054	0.0	3.213052523911575	0.0	0.0	0.0	3.985634216742844	1.3256194744481546	1.524891155041461	0.0	0.0	0.0	0.0	0.0	0.0	1.4625032009180379	0.0	0.0	0.0	0.0	0.0	0.0	0.0
sample0138	Low	Fecal content	LSMK2	null	control	39223	1.2131698354909375	NA	20	1.8015196911592901	0.0	0.0	0.5515681658634953	0.6448938220361162	3.8819482525163447	1.7386247578077545	0.0	1.6807985223904867	2.2640676386420626	0.0	4.021723490839103	1.8130751476283675	0.0	0.2680292020201166	0.0	0.2680292020201166	2.2194683619198763	0.0	0.0	0.0	4.16045712403948	0.0	2.3189778787727815	0.0	0.938665116134575	0.2680292020201166	0.0	0.2680292020201166	0.9793918636138579	1.8815087686183603	0.0	0.0	0.2680292020201166	0.0	0.0	0.0	0.0
sample0139	High	Fecal content	HSMK1	null	control	31666	1.074098437095163	NA	18	1.365580756334182	0.0	0.0	0.0	0.6203585218697062	3.5461457887016197	1.0218675043494732	0.0	1.8689918665156082	1.4547206607427814	0.0	4.205243284507529	2.501273320279727	0.0	0.31331427624557123	0.9243646954161495	0.31331427624557123	2.2468059575835864	0.0	0.0	0.0	4.120860718567975	0.0	1.2532910350467028	0.0	0.49342427512756637	0.0	0.0	0.0	0.31331427624557123	1.7946830154490598	0.0	0.0	0.0	0.0	0.0	0.0	0.31331427624557123
sample0140	High	Fecal content	HSML1	null	control	36282	1.1845895932495947	NA	20	1.484745326464232	0.0	0.0	1.197711909815839	0.4541900877200791	3.9975935698168024	1.3092024109824167	0.7492929816991134	2.213310950485013	2.5080620590912037	0.0	4.246349750639859	2.3718151487363883	0.0	0.0	1.0473288137699888	0.28394612720839907	2.6983969856581154	0.0	0.0	0.0	3.6451128979630445	0.0	1.3645224148941484	0.0	0.4541900877200791	0.0	0.0	0.28394612720839907	0.6713036449394967	2.2157565346458115	0.0	0.0	0.0	0.0	0.0	0.28394612720839907	0.0
sample0141	High	Fecal content	HSMK2	null	control	24256	1.0234814070796046	NA	16	1.2774989125326648	0.0	0.0	0.8977367654480585	0.7110642591927389	3.4950200176522896	0.5752800197469998	0.8143539060633028	1.995671747715682	1.8781858854984401	0.0	4.373704319947921	2.6659875958810177	0.0	0.0	2.0076160659457263	0.3766497690411854	3.249152548453178	0.0	0.0	0.0	3.5981474155677273	0.0	0.3766497690411854	0.0	0.0	0.0	0.0	0.0	0.0	2.3094569706844634	0.0	0.0	0.0	0.0	0.0	0.0	0.0
sample0142	High	Fecal content	HSMJ1	null	control	32243	1.0481234389718344	NA	18	1.4136846041416324	0.0	0.0	0.7121298203684429	0.48811527387514647	3.7360480098153857	0.309301491331516	0.309301491331516	1.8734974572520249	1.7236431017034535	0.0	4.324311305871454	2.3426483846856647	0.0	0.0	1.0563165182952383	0.0	2.7306871040567073	0.0	0.0	0.0	3.7704279470089688	0.0	1.3774164038996077	0.0	0.309301491331516	0.0	0.309301491331516	0.0	0.0	1.935272671398131	0.0	0.0	0.0	0.0	0.0	1.014777105069457	0.0
sample0143	Low	Fecal content	LSMJ1	null	control	21276	0.645953026606557	NA	17	1.3623392740492253	0.0	0.0	0.0	0.4105652053424733	3.167576094463782	0.6177849621040392	0.4105652053424733	1.7950174043585851	1.9422852864457467	0.0	4.446270074548258	2.3260932096946805	0.0	0.4105652053424733	0.8630236672567074	0.0	2.5691744424145977	0.0	0.0	0.0	3.510513297784127	0.7574893676435274	1.6057744229923383	0.0	0.4105652053424733	0.0	0.0	0.0	0.0	1.3623392740492253	0.0	0.0	0.0	0.0	0.0	0.0	0.0
sample0144	Low	Fecal content	LSMK1	null	control	36058	1.044499622446777	NA	17	1.248330142422581	0.0	0.0	0.925760040648211	0.0	3.7121212036983207	1.5918660004126577	0.0	1.7676925851379384	2.5901159315286884	0.0	4.347056575590184	2.4135461021351756	0.0	0.0	1.2705189882963235	0.28523904397458477	2.748194900707226	0.0	0.0	0.0	3.6649710369942525	0.0	1.692727801341566	0.0	0.4559364315604225	0.0	0.0	0.0	0.9711494100719749	1.8490750444408541	0.0	0.0	0.28523904397458477	0.0	0.0	0.0	0.0
sample0145	High	Fecal content	HSMK3	null	cross	26874	1.0300128884934998	NA	18	1.2354529684556668	0.0	0.0	0.3513950408193115	0.3513950408193115	3.6794609818574915	1.2027902852527388	0.3513950408193115	1.7563818190898355	2.162944098418427	0.0	4.3211832978479245	2.147810700372307	0.0	0.0	1.5395772047412957	0.3513950408193115	2.443411812306108	0.0	0.0	0.0	3.8426548521167394	0.8591154470497351	0.6755741352930845	0.0	0.0	0.0	0.0	0.0	0.3513950408193115	1.9920321658857199	0.0	0.0	0.0	0.0	0.0	0.0	0.0
sample0146	Low	Fecal content	LSMJ3	null	cross	26222	0.9445813985819874	NA	20	0.7858715372634097	0.0	0.0	0.35734459473280067	0.0	3.8296779852667933	0.35734459473280067	0.0	1.8970280331755798	2.1545343467936484	0.0	4.354322218790745	2.2260178905132886	0.0	0.6840109690495693	0.9375891013390397	0.35734459473280067	2.2193763168287908	0.0	0.0	0.0	3.5308409408643158	1.0966364981061734	1.9560878767913072	0.0	0.0	0.0	0.0	0.0	0.35734459473280067	1.6718068787859743	0.0	0.0	0.0	0.35734459473280067	0.35734459473280067	0.35734459473280067	0.0
sample0147	High	Fecal content	HSMK4	null	cross	38786	1.0369720715870767	NA	18	1.300857025055339	0.0	0.0	0.5550730466780438	0.0	3.6642718917834354	1.3537596930051001	0.43561326347719853	2.0438958538786673	1.763249057221647	0.0	3.915522299287317	1.7365798277432036	0.0	0.0	0.5550730466780438	0.2702768085970558	2.4828868716152668	0.0	0.0	0.0	4.300721569945616	0.0	1.3368315213101294	0.0	0.2702768085970558	0.0	0.0	0.0	1.300857025055339	1.6003994047206744	0.0	0.0	0.0	0.0	0.0	0.0	0.2702768085970558
sample0148	Low	Fecal content	LSML2	null	cross	41017	0.7687562158568669	NA	17	1.1480194570033648	0.0	0.0	0.0	0.0	3.5710366453862052	1.033255992461577	0.0	1.6916368336601904	1.988227316164904	0.0	4.422957189516256	2.65944653117611	0.0	0.5376878077839182	1.3136913118580726	0.2591921436993833	2.5832410976406113	0.0	0.0	0.0	3.3384078037912506	0.8269964417532591	0.7060000807244358	0.0	0.4203911701197566	0.0	0.0	0.0	0.0	1.7765193910180244	0.0	0.0	0.0	0.4203911701197566	0.0	0.0	0.0
sample0149	High	Fecal content	HSML2	null	cross	13597	0.8187512952563077	NA	16	1.3159746283521059	0.0	0.0	1.5790730900957897	0.5393929826515975	3.63945363361998	1.6320818934295669	0.0	1.8447921547921309	2.4183472127808345	0.0	4.408138635674171	2.2264754889012464	0.0	0.0	1.408668198743134	0.5393929826515975	2.1795921641948026	0.0	0.0	0.0	3.4253695493306333	0.0	1.408668198743134	0.0	0.0	0.0	0.0	0.0	0.5393929826515975	1.8292277740960896	0.0	0.0	0.0	0.0	0.0	0.0	0.0
sample0150	Low	Fecal content	LSMK3	null	cross	35748	0.6428465642141208	NA	16	0.8208469723719068	0.0	0.0	0.0	0.2870486011998647	2.859789586431085	0.7545924346262057	0.0	1.387673928383487	1.6442945805849434	0.0	4.4524132772462695	2.810463754612619	0.0	0.6763784911929972	0.5809154044331798	0.0	3.122042273921034	0.0	0.0	0.0	3.364280935169551	1.4349819735806995	0.5809154044331798	0.0	0.0	0.0	0.0	0.0	0.45837755022637805	1.387673928383487	0.0	0.0	0.0	0.0	0.0	0.0	0.0
sample0151	High	Fecal content	HSMJ2	null	cross	21920	0.6466336756335505	NA	15	1.454770657017375	0.0	0.0	0.0	0.6079924167802091	2.8954991978587534	0.40269241424072344	0.6079924167802091	1.067909269982197	1.2504829465539828	0.0	4.426466441136016	2.4058007526826968	0.0	0.0	0.6079924167802091	0.0	2.1217752166495036	0.0	0.0	0.0	3.742170230628843	0.0	1.1687203328862903	0.0	0.0	0.0	0.0	0.0	0.0	1.1687203328862903	0.0	0.0	0.40269241424072344	0.0	0.0	0.0	0.0
sample0152	Low	Fecal content	LSML1	null	cross	24761	0.982530003593423	NA	16	1.2690269170855806	0.0	0.0	0.0	0.0	3.614320430777068	0.7038704135398005	0.5687286257658943	1.6842042567981563	1.2362083978562692	0.0	4.357365235465101	2.800130223257475	0.0	0.0	0.8899305113835142	0.0	2.66220171357135	0.0	0.0	0.0	3.7276241112499053	0.7038704135398005	1.1620401437003138	0.0	0.37148271075036504	0.0	0.0	0.0	0.0	1.7618852006694523	0.0	0.0	0.37148271075036504	0.0	0.0	0.0	0.0
