sampleID	Actinobacteria	Alphaproteobacteria	Bacilli	Bacteroidia	Betaproteobacteria	Chloroplast	Clostridia	Cytophagia	Deferribacteres	Deltaproteobacteria	Epsilonproteobacteria	Erysipelotrichia	Flavobacteriia	Fusobacteriia	Gammaproteobacteria	Methanobacteria	Mollicutes	Negativicutes	Opitutae	Sphingobacteriia	Spirochaetia	Thermoplasmata	Verrucomicrobiae
sample0049	3.0692188289903477	0.9810006159431017	3.794444962649259	3.3782427746518864	1.785356034418485	0.0	4.354357380280999	0.0	0.2688576060576332	1.0182489020862469	1.785356034418485	2.9455655277747805	0.0	0.0	1.5580483802688168	1.5580483802688168	0.5528611467792584	2.040854693384861	0.0	0.0	0.0	0.0	0.0
sample0050	2.2856148625778787	1.154873812962664	4.074728727343443	3.3495626075648652	1.4940529824528006	0.0	4.097733511294531	0.0	0.0	1.190121406315029	1.713689900668016	3.8141810006646804	0.0	0.0	1.8048262476338057	0.34394163935432137	0.6649355535198331	1.9069205171011994	0.0	0.0	0.0	0.34394163935432137	0.0
sample0051	2.2177802927913355	1.436164250894182	3.9089563253910966	3.575773104508589	1.8909589110868734	0.0	4.290430392078715	0.0	0.0	1.2996396063065114	2.212210573570632	3.217349771070974	0.0	0.0	1.6125311853312123	0.0	0.8640376198769872	1.8542104876932068	0.0	0.0	0.0	0.0	0.0
sample0052	1.9713692801406637	1.3021042412081638	4.406972596184364	3.5872713273393826	2.0691789023480487	0.0	3.5606449226673886	0.0	0.0	0.6938396835786037	1.2410982687847054	2.383950142802698	0.0	0.0	0.9485383939444871	0.0	1.6596107399590703	1.554060857587466	0.0	0.0	0.0	0.0	0.2192911647535529
sample0053	2.1155419319938624	1.2351476230847238	3.6391778535648807	3.669800764083058	1.80333218506308	0.0	4.325362485028719	0.0	0.0	1.1768703899980324	2.197154437552407	3.4614663313213225	0.0	0.0	1.871407456330932	0.0	1.5371746469103662	1.623267987355913	0.0	0.0	0.0	0.0	0.3178534349287371
sample0054	1.9717673812736067	0.5532962790959882	3.750631929470793	3.767574455270284	1.9211938040005216	0.0	4.315244320950673	0.0	0.0	1.4859259707216266	2.6473131719115655	2.745034479136302	0.0	0.0	1.8562277450495603	0.0	1.9534854353618534	1.9472163384770156	0.0	0.0	0.0	0.0	0.0
sample0055	1.9749510889106419	1.5553578392003153	3.9165315025267313	3.963291343551615	2.3233153834437825	0.0	4.158268818518027	0.0	0.0	1.4920472370255682	1.9018779011853912	3.0289601284571748	0.0	0.0	0.7688456844600758	0.0	2.232325330612229	1.8974341030616495	0.0	0.0	0.0	0.0	0.0
sample0056	2.330580914624152	0.6955376185243548	4.2235151217761375	3.5586413504988212	2.0609485319637315	0.0	4.101236222442107	0.0	0.0	0.25336897412827347	1.2837294116893219	2.3570740679519395	0.0	0.0	0.41233546236312235	0.0	0.25336897412827347	1.7134584402215323	0.0	0.0	0.0	0.0	0.0
sample0057	2.2795921418680405	1.03075465129785	4.088720974024632	3.340313533456479	1.8969152980435087	0.0	4.207370963580737	0.0	0.4424463720387366	0.8569857963976851	1.7927953353644694	3.409458206090272	0.0	0.0	1.5816712628014282	0.2752868163938765	0.5628494153918976	1.8870591144457851	0.0	0.0	0.0	0.0	0.0
sample0058	2.7673149511469433	1.087600102406025	3.8735356876476272	3.157628413398738	1.7572020311583325	0.0	4.347867266290931	0.0	0.24278800406529882	0.6016223187201859	1.6692104466118785	3.222652960868349	0.24278800406529882	0.0	0.39758990587908943	0.0	0.0	1.6550478290694288	0.0	0.0	0.0	0.0	0.0
sample0059	2.3087137091206134	1.627721814265931	4.035644796289275	3.828332236744966	2.168957765100305	0.0	4.180478928925561	0.0	0.0	1.2134170666628703	2.1666934892969856	2.3448206766500914	0.0	0.0	1.2134170666628703	0.0	0.6845359001271318	1.8594978092438628	0.0	0.0	0.0	0.0	0.0
sample0060	2.379811245824107	1.120001235605463	3.6721947749049266	3.4925903396070197	1.9359012482933566	0.0	4.359385350486063	0.0	0.34601254377134083	1.6018898845176994	2.234407097621604	3.354977692780913	0.0	0.0	1.1583885906083373	0.0	0.9789936999049045	1.9419906547240595	0.0	0.0	0.0	0.0	0.0
sample0061	2.527381621034517	0.8843900511557944	4.261243839815477	3.1841586293461446	1.9223064249502648	0.0	4.091288999317403	0.0	0.9540211662898568	1.2630060023334058	2.6995892040765592	2.5540388856905625	0.0	0.0	1.9556017746273053	0.8843900511557944	1.7453506721056067	1.481679330317858	0.0	0.0	0.0	0.36783450622070013	0.0
sample0062	2.294099336633308	1.268729415275922	3.9614462540382687	3.316367115284974	2.2503369229553765	0.0	4.3156323387213495	0.0	1.4211726201759258	1.5419749976589487	2.397128101774392	2.880963288790171	0.0	0.0	2.222470857119118	0.7446270526026925	1.5881078981376997	1.5254401065888716	0.0	0.0	0.217644503180219	0.0	0.0
sample0063	2.1966973985466947	1.449084459769807	3.8423095806158805	3.9575270893452097	2.3064166999652977	0.0	4.1903875352557955	0.0	0.0	1.0543500318488914	2.0184147941270276	3.1743906802019146	0.0	0.0	0.8726345424528891	0.0	1.0017982653755348	1.84971819357223	0.0	0.0	0.0	0.554281176145245	0.0
sample0064	2.550220973244365	1.7249628262935683	3.927721392516824	3.5867434517371763	2.0362252005410797	0.0	4.298248838526337	0.0	0.0	1.0960793227868981	2.107617025881165	2.710873549638743	0.0	0.0	1.8496617400174868	0.0	1.7176798419380543	2.0733864393168373	0.0	0.0	0.0	0.0	0.2747991090473954
sample0065	2.224200753369433	1.4608195022549844	3.9035888645210215	3.691969207020906	2.0293845562982553	0.0	4.288172489818072	0.0	0.0	1.2488770415647956	2.5927617417065782	2.4495429771222557	0.0	0.0	1.8711258080662019	0.0	2.1169728545052124	1.8372378533262053	0.0	0.0	0.0	0.0	0.0
sample0066	2.1456118555234496	1.1434758130561522	3.9000750678042957	3.727730769929902	1.6108785240897323	0.31727551391578285	4.284052327561163	0.0	0.0	0.9827162466510536	2.040203678452135	2.7982653642948914	0.0	0.0	1.7556002712230583	0.0	1.8238004479046375	1.4286129993338674	0.0	0.0	0.0	0.0	0.0
sample0067	2.2510320789381324	1.2688657287144782	3.8510842175200977	3.716777485141103	2.146284313026236	0.0	4.280907193353798	0.0	0.0	1.6016762188897529	3.0080315846517136	2.8545199550836355	0.0	0.0	1.56712776508354	0.0	0.24650180967953983	1.7769118155100854	0.0	0.0	0.24650180967953983	0.40278157573577456	0.40278157573577456
sample0068	2.254816897297294	1.4532015550772577	3.5880716072604697	3.14456392482011	1.5742993135184886	0.0	4.190431329561635	0.0	0.0	0.8504741992438885	1.3177160537598454	4.097184292429662	0.0	0.0	1.144115793723578	0.0	0.6816477464878505	1.6241639236822791	0.0	0.0	0.0	0.0	0.0
sample0069	2.997940086543815	0.3358551723450605	3.9333427973721213	3.0704627916055056	1.5836906541339528	0.0	4.3347718849583865	0.0	0.0	0.753424123596058	1.8922102248013744	3.020271043335278	0.0	0.0	1.060804780450043	0.0	0.3358551723450605	1.798305359529377	0.0	0.0	0.3358551723450605	0.0	0.0
sample0071	2.521169878465094	1.1738148987039738	3.805148605301055	3.394690133400988	2.497255408940135	0.0	4.283992229678107	0.0	0.0	1.4107684777699074	1.589923281440578	3.6693302951924553	0.0	0.0	1.1507000151425752	0.0	1.0729075662957908	1.975817559700071	0.0	0.0	0.24881191475853046	0.0	0.0
sample0072	2.245936235938516	1.3153760333346278	3.73893175804577	3.4194108969972414	2.0989460176340606	0.0	4.332292841584051	0.0	0.0	1.3707338656083177	2.214828018518581	3.5252709616113314	0.0	0.0	1.8640928338644351	0.0	1.087815729583311	1.8171391992551535	0.0	0.0	0.0	0.0	0.0
sample0073	2.5795837596272833	1.0671129813446776	4.144475683089996	3.5014692495323203	2.248154008559559	0.0	4.1361726025614685	0.0	0.5644036335663418	1.5837536137293269	2.141107297200318	3.2721006857459876	0.0	0.0	2.124032043494418	0.0	1.230620000121306	1.6268599422864973	0.0	0.0	0.0	0.0	0.0
sample0074	2.151662980183216	1.9436132072214718	3.998103532337357	3.612463929279657	2.077378899923457	0.0	4.2654695729237195	0.0	0.0	1.4283379601290591	1.740138969388186	2.7348504891276257	0.0	0.0	1.7670932543833973	0.0	1.7307691789391704	1.6698614431076768	0.0	0.0	0.0	0.0	0.0
sample0075	2.355254588693195	1.829856521304702	3.7566739893447547	3.7666856830547126	2.4686087318667576	0.0	4.254194091743815	0.0	0.0	1.7897431408926205	1.660124431157566	3.510659524630493	0.0	0.0	1.988561528284105	0.0	0.9975778601376376	1.7826820003634682	0.0	0.0	0.0	0.0	0.0
sample0076	2.0617702955775616	1.2616429431202818	3.8116202485490662	3.7043563100223578	2.0362567856137854	0.0	4.32003153439282	0.0	0.4223236846215495	1.5797667439133818	2.502925493288138	2.631989861623819	0.0	0.0	1.8505611052550923	0.0	1.449204498946899	1.6800162385944317	0.0	0.0	0.26059352890028725	0.0	0.0
sample0077	2.4755920137898992	0.8327727959479964	4.0928650749907804	2.7123408122107273	1.6193952607242608	0.0	4.148151521813535	0.0	0.0	0.7661731399118874	0.4675653412860333	3.796828143514904	0.0	0.0	0.8327727959479964	0.0	0.6874774152259628	1.241672058701937	0.0	0.0	0.0	0.0	0.0
sample0078	2.367708001188604	1.0142781182416107	4.263796102549823	3.3998019250769995	1.8789457671694838	0.0	4.064106412201359	0.0	0.0	0.9622486044533076	1.1027007646582327	2.820462066005359	0.0	0.0	1.496046983563233	0.0	0.3358145648731874	2.0792226144134336	0.0	0.0	0.0	0.0	0.0
sample0079	2.7612088378515636	0.39728248702476143	3.4232546793525893	3.330685559839207	2.7021971288782574	0.0	4.362280532885415	0.0	0.0	1.5843928199608994	1.853224972379096	3.6376426089012828	0.0	0.0	2.3501248122137195	0.511124593739872	1.3107109862658515	1.0596968683418013	0.0	0.0	0.0	0.24256849196913194	0.0
sample0080	2.50504193412102	0.9077938873908916	4.233643432836764	3.091727201030473	2.5036653516567977	0.0	4.101725078682659	0.0	0.7826323070560693	1.5734291582721014	1.9191204882041362	3.1874974504005333	0.0	0.0	1.944829630686735	1.046278827230972	2.2148538049210615	1.5962994430200295	0.0	0.0	0.0	0.0	0.0
sample0081	2.2337528594317915	1.083015230408128	4.383024157229687	3.5065065038010896	1.8666526535004626	0.0	3.72393107518744	0.0	0.240655826900308	0.9245000270390469	1.7042244348635098	2.7406759618721144	0.0	0.0	1.2559914479918062	0.0	0.7358034135421817	1.7903908661379535	0.0	0.0	0.0	0.0	0.0
sample0082	2.6095580538170227	0.9863418023646068	3.96515302907565	3.6420615621158277	1.7998524487530223	0.0	4.269940594520637	0.0	0.0	1.1660257179101916	1.505653883831213	2.860210007912293	0.0	0.0	1.505653883831213	0.0	0.0	1.98495205750622	0.0	0.0	0.0	0.0	0.0
sample0083	2.347244476890616	1.3249484130602651	3.920014211866021	3.3280372311339366	1.7289044696909972	0.0	4.257759309766407	0.0	0.0	1.301332040467094	2.0023537177325044	3.654777538440713	0.0	0.0	1.867469028111512	0.0	0.9459242526944265	1.6810199940229202	0.0	0.0	0.0	0.0	0.0
sample0084	2.26696182405656	1.780840711255083	4.06452722320675	3.8108861414495387	1.8742142340669203	0.0	4.135392600070486	0.0	0.5906445893548202	1.647807768872974	1.3832737798122028	3.12207725026904	0.0	0.0	1.6752253223595697	0.0	1.2642835998767266	2.0101644350179133	0.0	0.0	0.0	0.0	0.0
sample0085	2.323975041124131	1.1949854055485618	4.091767419517409	3.7414297105936156	1.8224120669187016	0.0	4.14332132094072	0.0	0.0	1.3285453779753476	2.533677165663533	2.9958357655562358	0.0	0.0	1.6744699317123282	0.3280184698248309	1.2799331156886284	2.093341198036205	0.0	0.0	0.0	0.0	0.0
sample0086	2.1458588084843906	1.7954055142263468	3.921667245332364	3.7630085852298776	2.6599484125518695	0.0	4.100848670523774	0.0	0.0	1.4403592797395348	1.7244666260809682	3.779491467503809	0.0	0.0	1.6451102643067728	0.0	0.8505133636658188	1.6451102643067728	0.0	0.0	0.32363946923873704	0.0	0.32363946923873704
sample0087	2.679859401518816	1.4045208878359747	3.869162306572733	3.5716354625597884	2.335200611577089	0.48170186874940585	4.21186729868018	0.0	0.0	1.3682850505153743	1.659914325543253	3.725934205792701	0.0	0.0	1.4045208878359747	0.0	0.0	1.777589686775752	0.0	0.0	0.0	0.0	0.0
sample0088	2.6710859996553666	0.6658447065967421	3.75238518588523	2.797975829880858	1.29864840893522	0.0	4.341759607253899	0.0	0.23718229484995396	0.8333064966572608	1.9381912317675276	3.6760781395045696	0.0	0.0	1.3142293997989527	0.0	0.0	1.1012313666878202	0.0	0.0	0.0	0.0	0.0
sample0089	2.4950477491373415	1.5311261578576096	3.82811978356293	3.638293324775778	2.2388169855999713	0.0	4.302167882244361	0.0	0.0	1.6494190872208585	2.2388169855999713	3.1622204731137873	0.0	0.0	1.8116925284519414	0.0	2.172731222242407	1.8897556259963724	0.0	0.0	0.0	0.0	0.0
sample0090	2.6814554712873817	1.3859380514763038	3.629189882324195	3.7281414915032163	2.3984044260096193	0.0	4.244044094203108	0.0	0.0	1.3562246628727412	2.0521871222656727	3.7334637596956535	0.0	0.0	1.8607205581596722	0.0	1.4990732616372602	1.7817737544848182	0.0	0.0	0.0	0.0	0.0
sample0091	2.0394948787643847	2.0111199828853286	4.138253804164165	3.7138422752516465	2.4045418527170206	0.0	4.1032572239406235	0.0	0.5196894062833187	1.6290117264097748	1.9128225148375093	2.892886214128301	0.0	0.0	1.6737476113170295	0.0	2.704715519568109	1.9003894882209236	0.0	0.0	0.0	0.0	0.0
sample0092	2.266776357730787	1.3034382419609312	3.7121230740776303	3.325136619503195	2.0832431756107055	0.0	4.38906491202393	0.0	0.0	1.4518130032120085	1.976514787416765	3.116555569389072	0.0	0.0	1.6501400888931186	0.9633400554768873	0.0	1.6034960142969306	0.0	0.0	0.0	0.281046489013899	0.0
sample0093	1.7582000842880672	1.6002290944164315	4.001648473462035	3.621405398650034	1.7797290517627542	0.0	4.26791053350187	0.0	0.592440945125316	1.5785261751761273	1.1020739408687776	2.4104218479540074	0.0	0.0	2.4054778298421287	0.0	1.9463116223328771	1.7116489994657336	0.0	0.0	0.0	0.0	0.0
sample0094	2.1088900531464723	1.2478731950394195	4.1842971674065295	3.6756727161737	2.1063174805717524	0.0	4.102730384404292	0.0	0.5154388858960869	1.5988362615872815	1.850151691858669	2.157378915874894	0.0	0.0	2.5109385949796663	0.0	0.8001903015419736	1.7628129257018024	0.0	0.0	0.0	0.2452425180036417	0.2452425180036417
sample0095	3.57779394803344	0.42656519522299036	3.9932569402938918	2.611256812766398	1.6940750925927286	0.0	4.070535638720377	0.0	0.0	0.42656519522299036	1.6940750925927286	3.882680758165461	0.0	0.0	0.6375560895778536	0.0	0.0	1.8521988752785092	0.0	0.0	0.0	0.0	0.0
sample0096	2.466548845252201	0.5393673049167049	4.036069322374564	3.0013721835146776	1.2609354326765891	0.0	4.204285124478901	0.0	0.0	0.0	0.8546583153478021	3.7300811613141174	0.0	0.0	0.6714950827530898	0.0	0.0	1.59290891370578	0.0	0.0	0.0	0.0	0.0
