sampleID	Actinobacteria	Alphaproteobacteria	Bacilli	Bacteroidia	Betaproteobacteria	Chloroplast	Clostridia	Cytophagia	Deferribacteres	Deltaproteobacteria	Epsilonproteobacteria	Erysipelotrichia	Flavobacteriia	Fusobacteriia	Gammaproteobacteria	Methanobacteria	Mollicutes	Negativicutes	Opitutae	Sphingobacteriia	Spirochaetia	Thermoplasmata	Verrucomicrobiae
sample0001	2.294219423574234	0.9167230787153768	4.039612899584524	3.4561086841136803	2.0946001720536946	0.0	4.275473556057088	0.0	0.0	1.281891675187756	2.430460813476038	2.3492584157278276	0.0	0.0	1.7039497406019846	0.0	0.5338192407291391	1.6826706197985226	0.0	0.0	0.0	0.0	0.0
sample0002	2.2757685404553203	1.824089949921784	3.6249184157190357	3.48139246198691	1.9108496648531288	0.0	4.340126078633197	0.0	0.0	1.3244997103932363	2.6252929089524106	3.548894979543123	0.0	0.0	1.9582157277902996	0.0	1.2655053087438728	1.7479464471705042	0.0	0.0	0.0	0.0	0.0
sample0003	1.8233791284527567	1.4815017172000575	3.764190595166382	3.479307243892202	1.6320828942495385	0.0	4.370812038730249	0.0	0.9018489613904621	1.6028427931975961	2.6562139522129273	2.615585168468469	0.0	0.0	2.247543020318375	0.0	1.5714909883428254	1.5376985592031591	0.0	0.0	0.0	0.0	0.379384285470512
sample0004	2.3071700552075165	1.7984635505784337	3.8883527799213304	3.87422622754335	2.429393448269826	0.0	4.226513812143271	0.0	0.48124477843413427	1.3483147844997105	2.744940073512438	2.5551566495356983	0.0	0.0	1.2362590521305936	0.0	0.0	1.7220561954309765	0.0	0.0	0.3041263031272804	0.6066962134925551	0.0
sample0005	2.1289968859470743	1.5551017549759847	3.7067579535254467	3.6144395808437992	2.075327832087898	0.0	4.323096382082186	0.0	0.0	1.306543088985817	2.0191094032496535	3.455518673230433	0.0	0.0	1.5551017549759847	0.0	0.846172860378165	1.7320127044553946	0.0	0.0	0.0	0.0	0.0
sample0006	1.9439651243252318	1.4840476993798333	3.785271486971062	3.546382687613543	1.7304414531042216	0.0	4.3565755150716905	0.0	0.0	1.5056111375697536	2.230794396665532	2.847523331681302	0.0	0.0	2.0919632675357382	0.0	1.3851681504663251	1.6164145589405121	0.0	0.0	0.0	0.0	0.0
sample0007	2.1610175782068723	1.3517012849918897	4.059310606122393	3.6400648727954037	2.403690417873501	0.0	4.222353930056746	0.0	0.8040555993325236	1.6212038742510815	2.455674311305437	2.3925029525072854	0.0	0.0	1.7378896984158776	0.6254423391547776	0.0	1.5982995707676884	0.0	0.0	0.0	0.0	0.0
sample0008	2.1475000957606842	1.1988798427601024	3.8627080611607147	3.4595698850864007	2.6307837646548675	0.0	4.240208008208802	0.0	0.0	1.2315234907432782	1.8788521876397417	3.7252722970207337	0.0	0.0	1.3657155402107517	0.0	0.9244887857909605	1.5656855943065748	0.0	0.0	0.0	0.0	0.0
sample0009	2.206332351945706	1.6950615781951017	3.978970557963449	3.7340491209280717	2.2859737984122175	0.0	4.246338132228168	0.0	1.36647937270189	1.2834599138627687	2.383343524703647	2.386962837799735	0.0	0.0	1.1185296254400645	0.0	0.4804384136669635	1.934327113062414	0.0	0.0	0.0	0.0	0.0
sample0010	2.459493085312229	0.8994910305543709	3.6337552365568877	3.130000829951495	1.6826058088810867	0.0	4.414010170355848	0.0	0.3778152542652899	1.172251308444351	2.0596287305149614	3.1667940623852884	0.0	0.0	1.0296909299075023	0.0	0.0	1.8115254351500463	0.0	0.0	0.0	0.0	0.0
sample0011	2.029123005659977	1.4236830923181083	3.9004374936998505	3.749889106591117	2.202121680580867	0.0	4.278093910751405	0.0	0.0	1.463584859402374	2.292874262869765	2.6679997183576436	0.0	0.0	1.4440920726692341	0.0	0.5505547689827586	1.737240785282468	0.0	0.0	0.0	0.0	0.0
sample0012	2.215720022775002	1.2261647842841397	3.651288495429058	3.3292565734397357	2.088720933904221	0.0	4.335271648969909	0.0	0.0	1.3046287250808648	2.1668190203626194	3.67677935528966	0.0	0.0	1.8760196906869964	0.0	1.2471492598601668	1.630083171643589	0.0	0.0	0.42596518457827715	0.0	0.0
sample0013	2.0614458478325823	1.4351230907877595	4.094204584323995	3.8134980256450355	2.3692643703357574	0.0	4.137116799571242	0.0	0.0	1.3234965804514525	2.420528887300665	2.351732208228161	0.0	0.0	1.5033056016354087	0.0	0.7504820447799069	1.6748297767296607	0.0	0.0	0.0	0.0	0.0
sample0014	2.0189308096131238	1.5347051405520153	3.7545336794314217	3.6598256855807025	2.0852832350889967	0.0	4.3327620204217006	0.0	0.0	1.5347051405520153	2.1936339515163255	3.044625544187753	0.0	0.0	2.3428703157788933	0.0	1.448636091933528	1.579192893792077	0.0	0.0	0.34861862112238456	0.0	0.0
sample0015	2.8269919984028156	0.5521045075704953	4.253692685447203	2.9647156310881235	1.4394718825289332	0.0	4.123679951561645	0.0	1.1913697399311247	1.1913697399311247	2.5512987879794724	2.3388572507562064	0.0	0.0	1.896615485863571	0.7222731208606912	1.4257573737024272	1.6576905621308498	0.0	0.0	0.0	0.0	0.26837272492904235
sample0016	2.450023664691056	0.9595801928911822	3.9846822439850365	3.1392153765488513	1.549898057274757	0.0	4.32912831466715	0.0	0.606567973964744	1.2609416255592554	2.035328386824904	2.77240294786252	0.0	0.0	2.1458362074873776	0.0	1.2360985525400954	1.6079112943780112	0.0	0.0	0.0	0.0	0.0
sample0017	2.0750728251676978	1.5547655984177495	3.668256794830005	3.5400861544000866	2.0673602310448116	0.0	4.3754101543099635	0.0	0.22979866186562484	1.617550506602247	2.76282215362414	2.8632288973075166	0.0	0.0	1.9242654677183373	0.0	0.22979866186562484	1.6319243921245323	0.0	0.0	0.0	0.0	0.0
sample0018	2.5742452282042523	1.348419667832634	3.650040101316865	3.5874887195005454	1.9862185781279031	0.0	4.373767775880061	0.0	1.1558272968699452	1.348419667832634	2.7744453148113983	2.330533405707321	0.0	0.0	2.322351841651048	0.953745725514315	0.8011617230026267	1.8298241264709174	0.0	0.0	0.0	0.36765748944152926	0.0
sample0019	2.437818258069031	1.1997353777684447	3.880909476514789	3.4951474920775807	2.398460620975821	0.0	4.303587272685826	0.0	0.7742560155535472	1.7512788785038702	2.567042950474957	3.197540236746234	0.0	0.0	2.253026070012367	0.0	1.0371415995284687	1.457881675182735	0.0	0.0	0.4740078668130116	0.0	0.0
sample0020	2.0783517627468813	1.1472385357698451	3.6269765487343264	3.6572298255035145	2.1808035246390536	0.0	4.376790283093749	0.0	0.38888718172843806	1.5354691170231356	2.324327596395619	2.54415605635146	0.0	0.0	1.8012827099717799	0.0	1.5167388786591343	1.6478992551278127	0.38888718172843806	0.0	0.0	0.0	0.0
sample0021	2.230126564422169	1.7066712839245022	3.7659325546663647	3.571445512012356	2.2910596999801323	0.0	4.338528988168937	0.0	1.672619697936264	1.6356693468888612	2.6212461675926835	3.018029747026515	0.0	0.0	2.3022837348443446	0.3578105317274523	1.566104173107323	1.6356693468888612	0.0	0.0	0.3578105317274523	0.0	0.0
sample0022	2.5419219784411795	1.2666484338648982	3.9122590143405533	3.3652441772963666	2.5352376893072237	0.0	4.19759330386261	0.0	0.0	0.849984656138406	2.0884343360930515	3.804587070563036	0.0	0.0	1.9682401281553432	0.0	0.5158345035461204	1.7088750463788123	0.0	0.0	0.0	0.0	0.0
sample0023	2.9463619141809727	0.8522669940546294	3.999178564047397	3.206729249261727	2.236190110223316	0.0	4.2531977966733905	0.0	1.1216588936958753	1.183891763349961	1.9950388002196047	3.4453066643538213	0.0	0.0	1.6209343986087428	0.0	1.641628386362695	1.661380998707478	0.0	0.0	0.0	0.0	0.0
sample0024	1.9038161608173456	1.056074079182819	3.7556722857572145	3.3251591589908744	1.310887593727004	0.0	4.380785458792429	0.0	0.3612133058070996	1.4890772451610719	2.6833079436215246	2.9176972768560767	0.0	0.0	2.436843152250422	0.0	1.1838402766351257	1.4509079117419523	0.0	0.0	0.0	0.0	0.0
sample0025	2.676776615058309	1.923800799153142	3.8377350372040815	3.6628158789263243	2.079566707326234	0.0	4.282599032393422	0.0	0.33600144461267745	1.7736808983638113	2.13868857151985	3.280283475061302	0.0	0.0	1.9177144251805394	0.0	1.6890971127519605	1.6678332964308422	0.0	0.0	0.0	0.0	0.0
sample0026	2.279102095944336	1.2719328889011994	3.970490290147897	3.6310410903047825	2.5034351649028888	0.0	4.176494484665986	0.0	0.0	1.3855105734171076	1.9696339263179883	3.6281926704020675	0.0	0.0	1.4887924264028296	0.0	1.4328090595812646	1.4754585049500097	0.0	0.0	0.0	0.0	0.0
sample0027	2.2117235656414493	1.391249915396017	3.595584981728404	3.7789685822705463	2.2388555620349084	0.0	4.3139252540084065	0.0	0.2729398302745522	1.3246712798758409	2.8312583249750505	3.262675323281914	0.0	0.0	2.025175436014113	0.0	0.7957694158641927	1.7352700202478224	0.0	0.0	0.0	0.2729398302745522	0.0
sample0028	2.3127960634789417	1.430100702180155	3.9459460201093517	3.789903352867931	2.568931979163423	0.0	4.183204198405372	0.0	0.4654003657481576	1.654779979506613	3.0632999098160902	3.10518240730943	0.0	0.0	2.364389875562109	0.0	0.5888514968399614	1.746037265783505	0.0	0.0	0.0	0.0	0.0
sample0029	2.272151032221081	1.1464169111153966	4.010016846647922	3.255100603107703	1.832815428154767	0.0	4.274029784795973	0.0	0.0	1.3427196339292573	2.433279232023119	3.315020630955718	0.47732867192241113	0.0	1.9297263558105409	0.0	0.845364701084501	1.8132196610185625	0.0	0.0	0.0	0.0	0.0
sample0031	2.059495961813399	0.8440590164725044	4.118287684929477	3.5525981368938258	1.7755090506273732	0.0	4.212363828427393	0.0	0.0	1.4730445687197036	2.031417587442127	2.2621935153393053	0.0	0.0	1.7391723279604718	0.0	0.7624248398306804	1.6558701589217888	0.0	0.0	0.0	0.0	0.0
sample0032	2.338495812832937	1.0525129402102171	4.0322037880874415	3.502733194792082	1.985216458878113	0.0	4.2727168154598045	0.0	0.3071813412438884	1.4889362963037531	2.3021896087602394	2.3738922355252177	0.0	0.0	1.8381117452008355	0.0	0.6112546423787723	1.7279883963894114	0.0	0.0	0.0	0.0	0.6112546423787723
sample0033	2.1501750781083215	1.0553213182024033	3.6401474495069435	3.5465510455909337	1.793855803810364	0.0	4.343307116059905	0.0	0.0	1.3552349929362695	2.113978490268095	3.493478184691691	0.0	0.0	2.0744885016055084	0.0	1.5766364095024936	1.6372466742530272	0.0	0.0	0.0	0.0	0.0
sample0034	2.209223393718181	1.2954486127530227	3.7309021167770564	3.6457332853762745	2.097545553534712	0.0	4.349460484694459	0.0	0.0	1.665576113164296	2.777052921992428	2.395475074305214	0.0	0.0	2.256803992414456	0.0	0.9046738797564855	1.78631808098725	0.0	0.0	0.0	0.0	0.0
sample0035	2.023443571847977	1.605406978389726	3.801678394319511	3.804308343331091	2.1270499124923004	0.0	4.276261531628033	0.0	0.4269571961522929	1.3877172321399354	2.9506432607371145	2.6343713978931995	0.0	0.0	1.9144914273232871	0.0	2.324136793859714	1.9645636333897174	0.0	0.0	0.4269571961522929	0.0	0.0
sample0036	2.376448653297346	1.8656675724014558	4.001202770093158	3.5175274881122007	2.173422475608249	0.0	4.257002024553282	0.0	0.26070865597268944	1.5508670621197473	2.3204291260070664	2.961415975918563	0.0	0.0	2.3485415997123615	0.0	2.4392536660105546	2.0128852800463353	0.0	0.0	0.0	0.0	0.0
sample0037	2.0867296638767026	1.0328675287722384	3.7680233314968268	3.859464411724443	2.0551528354398587	0.0	4.2329624293003105	0.0	0.34699261444349816	1.7389704937764467	3.3227528257012966	2.816539941289698	0.0	0.0	2.251332651498286	0.0	2.040883928199428	1.8420050289466003	0.0	0.0	0.0	0.0	0.0
sample0038	2.855616784561674	0.7511520106460854	3.550487696962772	3.6236908600357864	2.9009202391876303	0.0	4.232543464929639	0.0	0.0	1.6116150682270365	2.447512540743621	3.8229173655470006	0.0	0.0	2.319726475984732	0.970766531118762	1.5124279345631857	1.5246355754697412	0.0	0.0	0.0	0.2850326765687868	0.0
sample0039	2.102586459912573	0.7948496246010092	3.808080399512454	3.499627163733114	1.3052587628826011	0.0	4.344521672068512	0.0	0.0	1.148848497781935	2.5114945783901974	3.1107921874781805	0.0	0.0	1.9827502042156424	0.0	1.2860781862835038	1.3412515903751263	0.0	0.0	0.0	0.0	0.0
sample0040	2.332798814783778	1.4096791673017715	3.7015226411041864	3.6557468812634157	2.26983345981351	0.0	4.330707752227358	0.0	0.23704801559884858	1.545595924307657	2.5637093761433443	3.232645365831041	0.0	0.0	1.7922964966996722	0.9873240800973325	0.0	1.5272597810463107	0.0	0.0	0.0	0.23704801559884858	0.0
sample0041	2.2393543918341123	1.5681287778345199	4.0659307602191666	3.7297961303833254	2.2235377687763505	0.0	4.1877344735452615	0.0	0.35047383700607543	1.39061960889397	2.5034341801014945	2.47549628318509	0.0	0.35047383700607543	1.863248914539447	0.0	1.848221405025681	1.5055450839734383	0.0	0.0	0.0	0.0	0.35047383700607543
sample0042	1.754186889619626	1.5786378389016416	3.762484709688079	3.8960757226312133	2.272342208673385	0.0	4.265230038118252	0.0	0.2690776733792783	1.5686914212341272	2.730938534601432	2.61855017664839	0.0	0.0	1.7200617221046883	0.0	2.177004617842508	1.7858248810103934	0.0	0.0	0.0	0.0	0.0
sample0044	2.156476698816558	1.9405631434040604	3.68664283873567	3.737785432219244	2.0338602825683916	0.0	4.345788729917072	0.0	0.0	1.453780735527772	2.4418658980521206	2.3275730948959565	0.0	0.0	2.092661146035291	0.0	1.9596517269455125	1.6444847189598122	0.0	0.0	0.0	0.0	0.0
sample0045	2.9274698989967076	0.9139916249955856	3.7197491420580535	3.13736645503356	1.9456687477223829	0.0	4.180402894507152	0.0	0.25536249786574416	1.3224121135386844	1.8821547725262875	4.030405326407111	0.0	0.0	1.6685840305974438	0.0	0.9544224763201248	1.411814318029475	0.0	0.0	0.0	0.0	0.0
sample0046	2.2098829492987657	1.3805660413068652	3.9329695527397144	3.4242164488379916	1.6622198966833104	0.0	4.3119272987658315	0.0	0.0	1.5702355637438052	0.879499169901714	3.1251380288326205	0.0	0.0	2.3021215891425606	0.0	1.3166223159145598	1.6824646037273068	0.0	0.0	0.0	0.0	0.0
sample0047	2.0819252641639143	1.0555273317208347	3.993036826560294	3.6816112261083216	1.9690594717303103	0.0	4.263901565030254	0.0	0.0	1.4905224168214612	1.7591060525537807	2.339733314526144	0.0	0.0	1.2335448364180779	0.0	0.5189202063028998	1.732160745486124	0.0	0.0	0.0	0.33275027968543963	0.0
sample0048	2.599363406184888	1.4291102768707031	3.9401217459484417	3.9131359426629992	2.663454057890921	0.0	4.134872008132603	0.0	0.46472423419899794	1.3622772254571343	2.0953597527507686	3.259117618125544	0.0	0.0	1.9405208676892867	0.0	0.7625988815828537	2.111744717589492	0.0	0.0	0.0	0.0	0.0
